# Plot Type : plot_unfold 
# 
# X-axis    : \frWavelength (\A) 
# Y-Axis    : \frPhotons cm\u-2\d s\u-1\d \A\u-1\d 
# Residual  : \fr\gx 
# 
# Combined data comprised of data indices: 
# 
# Index-   1,  Model Plotted-      yes,  Data File: tgcat/obs_3407_tgid_3824/pha2.gz/part=2/order=-1,   Scale: 1.0000e+00 
# Index-   2,  Model Plotted-      yes,  Data File: tgcat/obs_3407_tgid_3824/pha2.gz/part=2/order=1,   Scale: 1.0000e+00 
# 
# Background included in data and model-    no 
# 
# XAXIS_COLS   :   1 set  (X 2 columns - bin_lo, bin_hi)
# DATA_COLS    :   1 set  (X 2 columns - Data, Error)
# MODEL_COLS   :   1 set  (X 1 column  - Value) 
# RESIDUAL_COLS:   1 set  (X 3 columns - Mean, Mean-1Sigma, Mean+1Sigma)
# 
#         X_LO          X_HI    DATA_VALUE    DATA_ERROR   MODEL_VALUE     RES_VALUE   RES_VAL-ERR   RES_VAL+ERR
15.99500016954246  16.000000189594406  0.1681737878282141  0.016108127446706838  0.15918489146110396  0.5580348427742189  -0.4419651572257811  1.558034842774219
16.000000189594406  16.004999642203746  0.15262365288677215  0.015417317132242625  0.15896191715820557  -0.41111330960287745  -1.4111133096028774  0.5888866903971226
16.004999642203746  16.00999975561844  0.14455179964959555  0.015070566902415539  0.15873930476551013  -0.9414048726753995  -1.9414048726753994  0.05859512732460048
16.00999975561844  16.015000528148228  0.16001777275980178  0.01592236349905737  0.15851706414559352  0.0942516237804199  -0.9057483762195802  1.0942516237804198
16.015000528148228  16.0199994905336  0.12614551497151982  0.014192479265053957  0.15829531960213308  -2.2652705020873625  -3.2652705020873625  -1.2652705020873625
16.0199994905336  16.02500034011712  0.16893688841325022  0.016486552172618907  0.15807415041105494  0.6588847618628392  -0.3411152381371608  1.658884761862839
16.02500034011712  16.03000060686211  0.19128712413827206  0.017609407121245896  0.15785340131822773  1.8986285335924966  0.8986285335924966  2.898628533592497
16.03000060686211  16.035000286753693  0.17473328632039015  0.016892104373678468  0.15763300462416677  1.0123239424727508  0.012323942472750815  2.012323942472751
16.035000286753693  16.040000612638483  0.16939174328166437  0.016690664413471362  0.1574130320090225  0.7176893007910222  -0.2823106992089778  1.7176893007910223
16.040000612638483  16.045000345169726  0.13248180345004096  0.014811915914802888  0.15719363540967254  -1.668375117828938  -2.668375117828938  -0.6683751178289381
16.045000345169726  16.049999480320416  0.15677404115738433  0.016170007691157673  0.15697474672960895  -0.012412212539291808  -1.0124122125392918  0.9875877874607082
16.049999480320416  16.05500049241931  0.16129194898791907  0.016461790609975636  0.15675626536292006  0.2755279624471972  -0.7244720375528029  1.2755279624471971
16.05500049241931  16.05999966220626  0.13881594066070962  0.015329656170677506  0.15653815024981113  -1.1560735212705209  -2.156073521270521  -0.15607352127052088
16.05999966220626  16.064999464774587  0.16889456920173126  0.01697454288396538  0.15632044024085195  0.7407639219997594  -0.2592360780002406  1.7407639219997595
16.064999464774587  16.069999898397903  0.12209077030099143  0.014489508682797548  0.15610311168889873  -2.3473771355883133  -3.3473771355883133  -1.3473771355883133
16.069999898397903  16.074999719077653  0.17334708845447372  0.017334708845447373  0.15588608626884243  1.007285576083794  0.007285576083793988  2.007285576083794
16.074999719077653  16.080000165805217  0.15376277192873702  0.01639116656201554  0.1556693720626003  -0.11631875782908355  -1.1163187578290836  0.8836812421709165
16.080000165805217  16.08499999302945  0.1796149884946008  0.01778453395397126  0.15545305866468367  1.3585922404518127  0.3585922404518127  2.358592240451813
16.08499999302945  16.090000441280388  0.1739047594161057  0.017567033523391923  0.15523716178412716  1.0626493999183833  0.06264939991838325  2.0626493999183833
16.090000441280388  16.095000263453315  0.17882699868184995  0.017882699868184998  0.15502160188922162  1.3311970210370958  0.3311970210370958  2.331197021037096
16.095000263453315  16.099999455481544  0.17301893259547044  0.017658670862495788  0.1548063002988979  1.0313705056507567  0.03137050565075672  2.0313705056507567
16.099999455481544  16.105000507114895  0.18713960602196458  0.018439413291757252  0.15459118335805508  1.7651550051464622  0.7651550051464622  2.765155005146462
16.105000507114895  16.109999675869688  0.1704019831318007  0.017669862519394605  0.15437609194856283  0.9069618490606635  -0.09303815093933654  1.9069618490606635
16.109999675869688  16.114999452262715  0.1681759872590382  0.01762963373443883  0.1541610177604398  0.7949665721767479  -0.20503342782325207  1.7949665721767478
16.114999452262715  16.119999834535122  0.14538840227440725  0.016461994892628725  0.15394617406687486  -0.5198502276476576  -1.5198502276476575  0.48014977235234235
16.119999834535122  16.12499957091595  0.11656603043021253  0.014803900668545061  0.1537317482184217  -2.5105354744224875  -3.5105354744224875  -1.5105354744224875
16.12499957091595  16.13499959275674  0.16580519194052534  0.012569659162533683  0.1534113111273138  0.9860156630303818  -0.013984336969618205  1.9860156630303818
16.13499959275674  16.139999873125866  0.15266947053546068  0.01717665741402289  0.15309028115379156  -0.024498981855884394  -1.0244989818558845  0.9755010181441156
16.139999873125866  16.144999494319972  0.15403485292049338  0.017330274934176673  0.1528768936395403  0.06681713275474385  -0.9331828672452561  1.0668171327547438
16.144999494319972  16.14999970612095  0.1789539908469897  0.018759475507577228  0.15266392427783923  1.4014286571355128  0.4014286571355128  2.401428657135513
16.14999970612095  16.15999938353289  0.14041693334687058  0.01182523901683364  0.15234575533148667  -1.008759481955079  -2.008759481955079  -0.008759481955078918
16.15999938353289  16.16500009868345  0.14529120422804384  0.01712273262606823  0.15202740052369426  -0.3934066157988707  -1.3934066157988707  0.6065933842011293
16.16500009868345  16.174999499601164  0.15343900254200285  0.0125282420956506  0.1517108341238957  0.13794181218026852  -0.8620581878197315  1.1379418121802685
16.174999499601164  16.184999945133946  0.1481812866695381  0.012435097342149403  0.1512891799798769  -0.2499291501164559  -1.249929150116456  0.7500708498835441
16.184999945133946  16.195000155312542  0.13562568195467983  0.012034833172648468  0.15086808489199574  -1.2665238245227437  -2.2665238245227437  -0.2665238245227437
16.195000155312542  16.20999966138913  0.14145477705997803  0.010129786985658222  0.1503346487710997  -0.8766099152621686  -1.8766099152621685  0.12339008473783142
16.20999966138913  16.220000443286203  0.14214826539931966  0.012056858508491338  0.1497940331981105  -0.6341426162881587  -1.6341426162881587  0.3658573837118413
16.220000443286203  16.225000400912464  0.1563979775845313  0.017064418352836223  0.14948617545277834  0.4050417652005214  -0.5949582347994786  1.4050417652005214
16.225000400912464  16.22999964302566  0.1664597060040216  0.01698922260181476  0.14928633389698628  1.0108391955027354  0.010839195502735377  2.0108391955027356
16.22999964302566  16.234999432574245  0.17025070493633415  0.016614767536690767  0.149089389347718  1.2736449993588614  0.27364499935886144  2.2736449993588614
16.234999432574245  16.239999767722214  0.15282600820855158  0.015282600820855157  0.14889350171161125  0.2573191921347501  -0.7426808078652499  1.2573191921347502
16.239999767722214  16.24499937794743  0.13807627545181184  0.014166326955010572  0.14869754930968995  -0.7497549570618522  -1.7497549570618522  0.25024504293814775
16.24499937794743  16.249999528529276  0.14079065470923277  0.014009193746969975  0.14850103150332192  -0.5503797672693911  -1.550379767269391  0.4496202327306089
16.249999528529276  16.25500021762244  0.17369894983984435  0.015293339781430002  0.1483037434134489  1.660540260619311  0.6605402606193109  2.660540260619311
16.25500021762244  16.260000172351383  0.20017681378082544  0.016183336216038045  0.14810594898607657  3.2175605882268874  2.2175605882268874  4.217560588226887
16.260000172351383  16.264999388519577  0.1610215360106131  0.014344938562947539  0.14790784874400414  0.9141682419247938  -0.08583175807520615  1.9141682419247938
16.264999388519577  16.2700004071085  0.15797803625074214  0.014073802054419781  0.14770920792025163  0.7296413784124275  -0.2703586215875725  1.7296413784124276
16.2700004071085  16.274999408486305  0.15297368328479496  0.013737442294256904  0.1475100033883689  0.39772177232076444  -0.6022782276792356  1.3977217723207644
16.274999408486305  16.28000020856533  0.1617179133571854  0.014022721492265333  0.14731069264305352  1.0274197289077338  0.02741972890773381  2.027419728907734
16.28000020856533  16.285000257951552  0.1740412390393567  0.01445333821036284  0.1471116317040089  1.8632102109144353  0.8632102109144353  2.8632102109144353
16.285000257951552  16.28999955242895  0.15785953994681426  0.01368815808723737  0.14691278787057696  0.7997242584773964  -0.20027574152260363  1.7997242584773963
16.28999955242895  16.29499936428225  0.15050743730749822  0.013303103692392645  0.14671419173166927  0.28513989393302963  -0.7148601060669704  1.2851398939330296
16.29499936428225  16.299999691637236  0.13422383550686787  0.012516437199061122  0.1465158312211499  -0.9820682610227182  -1.982068261022718  0.01793173897728184
16.299999691637236  16.305000532616905  0.14970977219500506  0.013181210461489488  0.14631740468115725  0.2573638835188169  -0.7426361164811831  1.257363883518817
16.305000532616905  16.310000606485012  0.13045663813635067  0.012272328191403252  0.14611868447943197  -1.276208238470394  -2.276208238470394  -0.2762082384703941
16.310000606485012  16.31499990900607  0.183523884688656  0.014508837016456364  0.14591992561120634  2.591796918994824  1.5917969189948238  3.591796918994824
16.31499990900607  16.319999716365245  0.1546521128144568  0.013261309268489502  0.14572173097063762  0.6734163017401948  -0.32658369825980516  1.6734163017401948
16.319999716365245  16.325000026672466  0.14289759111739694  0.012680110765790441  0.14552443065258167  -0.2071621915379188  -1.2071621915379187  0.7928378084620812
16.325000026672466  16.32999955604027  0.1523246908068698  0.013013976605018714  0.14532791623830937  0.5376354039135282  -0.46236459608647185  1.5376354039135283
16.32999955604027  16.33499958299702  0.14488840376989545  0.012610916851713047  0.14513203008498546  -0.01931868380028992  -1.01931868380029  0.9806813161997101
16.33499958299702  16.3400001056433  0.14728309933223926  0.012629421575441311  0.1449367834306218  0.18578173890243813  -0.8142182610975619  1.185781738902438
16.3400001056433  16.344999837726025  0.16454701547593145  0.01325957637323452  0.14474216520829308  1.4936261695068929  0.49362616950689286  2.493626169506893
16.344999837726025  16.350000060119005  0.15608299641270557  0.012829943272917255  0.14454793946982358  0.8990731055866275  -0.10092689441337255  1.8990731055866275
16.350000060119005  16.354999484990632  0.14471122936097572  0.012274246274435878  0.14435391707565928  0.029110731309069642  -0.9708892686909304  1.0291107313090697
16.354999484990632  16.359999394779276  0.16029313799194347  0.012833722127136989  0.14416019076639666  1.257074686963464  0.2570746869634639  2.257074686963464
16.359999394779276  16.36499978756964  0.1662955005210287  0.012985496950758851  0.1439669436789288  1.7194996022693667  0.7194996022693667  2.7194996022693667
16.36499978756964  16.369999373160937  0.1631388598530035  0.012778021677898583  0.14377413780487588  1.515471059312858  0.515471059312858  2.515471059312858
16.369999373160937  16.374999436340538  0.1600955538494758  0.012578294640531158  0.14358171188444974  1.3128840146432368  0.3128840146432368  2.312884014643237
16.374999436340538  16.37999997518379  0.15523099100433724  0.012310618356858863  0.14338971298447695  0.9618751614749661  -0.0381248385250339  1.961875161474966
16.37999997518379  16.3849996971185  0.16214783486090137  0.012509977054068576  0.1431980718484087  1.5147720040245578  0.5147720040245578  2.514772004024558
16.3849996971185  16.389999889283256  0.14225679698351307  0.011654130899969063  0.14300665478805402  -0.06434266192625021  -1.0643426619262502  0.9356573380737498
16.389999889283256  16.395000549744065  0.14926514547106517  0.011874897375305588  0.14281544920990996  0.5431370105621013  -0.4568629894378987  1.5431370105621012
16.395000549744065  16.400000383555085  0.15986664696136474  0.012225308044689168  0.14262452691104457  1.4103628299010709  0.41036282990107087  2.4103628299010706
16.400000383555085  16.404999386410935  0.15174456071993644  0.011849259446883238  0.14243393074287738  0.7857562760606162  -0.21424372393938385  1.7857562760606163
16.404999386410935  16.41000014317421  0.15660888119026217  0.011976180469637205  0.1422435951177243  1.1994881096654884  0.19948810966548836  2.1994881096654884
16.41000014317421  16.415000063514576  0.15320430476458488  0.011784946520352684  0.14205345477264217  0.9461943652171123  -0.05380563478288769  1.9461943652171123
16.415000063514576  16.420000439279544  0.1669106575616435  0.012238483198866022  0.14186339685266522  2.0465984470444085  1.0465984470444085  3.0465984470444085
16.420000439279544  16.424999971562315  0.15281834067046018  0.011652289236423058  0.14167324980287926  0.9564722125797636  -0.04352778742023644  1.9564722125797636
16.424999971562315  16.42999995378176  0.15927287894749342  0.01183865985776054  0.1414828609461499  1.5027053919183027  0.5027053919183027  2.502705391918303
16.42999995378176  16.435000383978593  0.15168390257650058  0.011499126978565808  0.1412922946262241  0.9036866859237467  -0.09631331407625332  1.9036866859237467
16.435000383978593  16.439999960866714  0.15287067959874856  0.011490463911849243  0.14110174904065068  1.02423458690484  0.024234586904839928  2.02423458690484
16.439999960866714  16.444999980224107  0.14459444623413098  0.011122649710317766  0.14091137473026444  0.3311325628145946  -0.6688674371854054  1.3311325628145947
16.444999980224107  16.450000440082125  0.15761477365616366  0.011556875920709997  0.14072129130031  1.4617689479196045  0.46176894791960454  2.4617689479196043
16.450000440082125  16.455000036773168  0.14264267893004687  0.010940194065474244  0.1405315404440759  0.19297084433204367  -0.8070291556679563  1.1929708443320437
16.455000036773168  16.46000006843652  0.14784832001957735  0.011081700101947443  0.14034211364109286  0.6773515173150538  -0.32264848268494617  1.6773515173150537
16.46000006843652  16.465000533094173  0.14713377699435023  0.010997294825471482  0.14015306276690384  0.634766489234966  -0.36523351076503396  1.634766489234966
16.465000533094173  16.470000124694852  0.14396176737261418  0.01082082906298927  0.13996447650135654  0.3694070803622318  -0.6305929196377682  1.3694070803622318
16.470000124694852  16.475000143741322  0.1464945760722141  0.010858900440808643  0.13977629712823308  0.6186886951033456  -0.38131130489665443  1.6186886951033457
16.475000143741322  16.48000058824619  0.15456579318180075  0.01109717722580958  0.13958843280303854  1.3496549684660522  0.34965496846605215  2.3496549684660524
16.48000058824619  16.485000149772368  0.15144088628673227  0.010929304557995047  0.1394009195754188  1.1016223994330852  0.10162239943308515  2.101622399433085
16.485000149772368  16.490000131188246  0.15542002987362713  0.011017433805924836  0.13921372013437416  1.470969558313816  0.47096955831381604  2.470969558313816
16.490000131188246  16.49500053049705  0.14538546148888215  0.010603324551996637  0.13902673174447594  0.5996920789535622  -0.40030792104643775  1.5996920789535622
16.49500053049705  16.500000036873733  0.14314570256528328  0.010467850491829593  0.13884000136346947  0.4113262035194836  -0.5886737964805164  1.4113262035194836
16.500000036873733  16.50499995555445  0.15150830665619391  0.010713255104268564  0.13865372837276682  1.1998760561862616  0.19987605618626159  2.1998760561862616
16.50499995555445  16.510000284533053  0.14846159563998312  0.010550706180580457  0.13846788840551072  0.9472074251168824  -0.052792574883117616  1.9472074251168823
16.510000284533053  16.51499971059438  0.15291214822660834  0.010653894195573147  0.13828224487163407  1.3731977328114655  0.3731977328114655  2.3731977328114655
16.51499971059438  16.51999954134452  0.14399345816878567  0.010285247012056119  0.13809671387022288  0.5733206301852343  -0.42667936981476573  1.5733206301852343
16.51999954134452  16.52499977476792  0.14389067942694378  0.01022586531023997  0.13791134620073686  0.5847263820519275  -0.4152736179480725  1.5847263820519275
16.52499977476792  16.530000408846213  0.14874345489120028  0.010338384780487852  0.13772597422052515  1.0656868461182594  0.06568684611825937  2.0656868461182594
16.530000408846213  16.535000127174243  0.1647885560544834  0.010818898735809327  0.13754020584998863  2.51858815484665  1.51858815484665  3.51858815484665
16.535000127174243  16.540000240521643  0.14949019103214975  0.010242899112518992  0.13735389839297119  1.1848493776869726  0.18484937768697263  2.1848493776869726
16.540000240521643  16.544999430886502  0.15107594779961162  0.010232154302377628  0.13716719591399298  1.3593180355369219  0.3593180355369219  2.359318035536922
16.544999430886502  16.550000327390865  0.15381177762361076  0.010254118508240716  0.13698040182702143  1.641425909312712  0.6414259093127119  2.641425909312712
16.550000327390865  16.555000295256974  0.1313098637913234  0.009403294656905864  0.13679370642085692  -0.5831831107734289  -1.5831831107734289  0.4168168892265711
16.555000295256974  16.56000064842182  0.16154403209950782  0.010341796920900287  0.13660719733810292  2.4112671088143993  1.4112671088143993  3.4112671088143993
16.56000064842182  16.565000065687673  0.13443807380553555  0.00934409206217434  0.1364210712121727  -0.21221937813139533  -1.2122193781313952  0.7877806218686046
16.565000065687673  16.569999862576367  0.1436892170821814  0.009558064543242461  0.13623572143987647  0.7798122317111299  -0.2201877682888701  1.77981223171113
16.569999862576367  16.575000037041338  0.14243521923487268  0.009412384223030245  0.13605155177293962  0.6782200248809966  -0.32177997511900336  1.6782200248809966
16.575000037041338  16.580000587033204  0.14384638010647277  0.009363601787297667  0.1358688098203239  0.8519766717302057  -0.14802332826979425  1.8519766717302057
16.580000587033204  16.585000188154655  0.1421644861196436  0.009234575716579615  0.13568723300622565  0.7014131793612125  -0.2985868206387875  1.7014131793612126
16.585000188154655  16.59000015910065  0.1335611508610868  0.008904076724072453  0.13550607596317135  -0.21843085615225846  -1.2184308561522585  0.7815691438477416
16.59000015910065  16.595000497812403  0.16647057192213705  0.009913178297485755  0.13532469689173748  3.1418657160942  2.1418657160942  4.1418657160942
16.595000497812403  16.599999877490223  0.12781297392389837  0.0086765100289434  0.13514296148696914  -0.8448082856608417  -1.8448082856608417  0.15519171433915835
16.599999877490223  16.604999619211274  0.15779207174555096  0.009638684864492106  0.13496097058854784  2.3686946381150507  1.3686946381150507  3.3686946381150507
16.604999619211274  16.609999720907357  0.1407893826449526  0.009106908101526678  0.13477891063661068  0.6599904096247916  -0.3400095903752084  1.6599904096247915
16.609999720907357  16.61500018050744  0.12971158398705313  0.008745153208396049  0.1345969581715605  -0.5586379184091418  -1.5586379184091417  0.4413620815908582
16.61500018050744  16.61999966800557  0.14754987697752034  0.009331873594532103  0.13441520726709102  1.4075061751935227  0.4075061751935227  2.4075061751935225
16.61999966800557  16.62499950765872  0.16010653930042282  0.00972577962929607  0.13423372023155936  2.6602308560363794  1.6602308560363794  3.6602308560363794
16.62499950765872  16.629999697386467  0.1502075800959085  0.009424861810693273  0.13405257251460137  1.7140842917164034  0.7140842917164034  2.7140842917164036
16.629999697386467  16.635000235105515  0.14798353899983097  0.009359300789036431  0.13387185830892367  1.5077708270085557  0.5077708270085557  2.5077708270085557
16.635000235105515  16.639999787599738  0.15168711853401837  0.009480444908376146  0.13369170740540828  1.8981610359563208  0.8981610359563208  2.8981610359563206
16.639999787599738  16.644999682309845  0.14769224623296198  0.009359615805226047  0.13351227021444712  1.5150168888980817  0.5150168888980817  2.5150168888980815
16.644999682309845  16.649999917143152  0.12290413808993857  0.008542428113004449  0.13333362860653478  -1.2209046864227058  -2.2209046864227058  -0.22090468642270578
16.649999917143152  16.65500049000412  0.1289622676499597  0.008754529170774105  0.1331557301441733  -0.47900491418921193  -1.4790049141892119  0.5209950858107881
16.65500049000412  16.660000064462555  0.12669822015954715  0.008681219000856468  0.13297845617627277  -0.7234278983292549  -1.723427898329255  0.2765721016707451
16.660000064462555  16.664999971146788  0.1315872293967018  0.008851514925251311  0.13280171311234967  -0.1372063116770262  -1.1372063116770261  0.8627936883229738
16.664999971146788  16.670000207951873  0.13474773569855628  0.008963286048986973  0.13262548327458898  0.23677169426129804  -0.7632283057387019  1.236771694261298
16.670000207951873  16.674999436034458  0.1523503026413209  0.009540546026816917  0.13244974802093393  2.0858926275760097  1.0858926275760097  3.0858926275760097
16.674999436034458  16.680000325953113  0.14202108066290733  0.009225260531159208  0.13227446847435534  1.056513488766184  0.056513488766184006  2.056513488766184
16.680000325953113  16.68500020132096  0.15043388912835706  0.009514274538457008  0.13209961110213023  1.9270284825310755  0.9270284825310755  2.9270284825310755
16.68500020132096  16.690000396756353  0.1349029185027714  0.009033767599561886  0.13192506282270752  0.32963607345935064  -0.6703639265406494  1.3296360734593506
16.690000396756353  16.694999570195165  0.13634647728283394  0.009110032212248589  0.13175066251100212  0.5044784326506188  -0.49552156734938124  1.5044784326506186
16.694999570195165  16.70000039859976  0.12557876775728202  0.008770801590709764  0.13157630411437765  -0.6838070950605447  -1.6838070950605446  0.3161929049394553
16.70000039859976  16.705000199153034  0.14173357886640442  0.009345635432900885  0.13140201878215554  1.1054957320373415  0.10549573203734153  2.1054957320373413
16.705000199153034  16.71000030966957  0.12946645120449643  0.008955381688356157  0.13122793158596985  -0.19669517646173554  -1.1966951764617355  0.8033048235382645
16.71000030966957  16.714999384860683  0.14685734870670764  0.009559599148828684  0.13105414914910835  1.6531236625685923  0.6531236625685923  2.6531236625685923
16.714999384860683  16.72000010810012  0.13121134508232693  0.009054443023629857  0.13088070671844787  0.03651669826803968  -0.9634833017319603  1.0365166982680396
16.72000010810012  16.72499979013296  0.13170717631688977  0.00908865862945166  0.13070758604101024  0.10998215651321357  -0.8900178434867865  1.1099821565132135
16.72499979013296  16.729999771973816  0.13721442045937343  0.00929333320823449  0.13053477523186338  0.7187566697373395  -0.28124333026266046  1.7187566697373395
16.729999771973816  16.73500005147809  0.12253062414636791  0.008797186128640846  0.13036224734266466  -0.8902418434457686  -1.8902418434457686  0.10975815655423138
16.73500005147809  16.74000062649833  0.13815204842230644  0.00935683738699152  0.13018993798439493  0.8509403453971475  -0.14905965460285253  1.8509403453971474
16.74000062649833  16.74500014690203  0.13732139674589453  0.009343537577603553  0.13001774353124063  0.7816796533425132  -0.21832034665748679  1.7816796533425132
16.74500014690203  16.749999956907814  0.15364765655118426  0.009897315609840437  0.12984539197676656  2.4049212445799166  1.4049212445799166  3.4049212445799166
16.749999956907814  16.755000054358813  0.15462150804149888  0.009939446986675832  0.12967245577620476  2.510104666661956  1.510104666661956  3.510104666661956
16.755000054358813  16.76000043709529  0.12730090793949053  0.009024122101880128  0.129498559595074  -0.24353079787402526  -1.2435307978740253  0.7564692021259747
16.76000043709529  16.764999751750576  0.1432911784535053  0.009574044577144662  0.12932378073821812  1.4588816254971706  0.4588816254971706  2.4588816254971704
16.764999751750576  16.76999934575105  0.12396377813460385  0.008900080588481801  0.1291486751058583  -0.5825674183180523  -1.5825674183180523  0.41743258168194775
16.76999934575105  16.775000569743955  0.13971890202583345  0.009441328456779131  0.1289737930217091  1.1380929128049841  0.13809291280498415  2.138092912804984
16.775000569743955  16.77999936310806  0.12870689408706168  0.009055785466951832  0.12879934147080435  -0.010208654354727125  -1.010208654354727  0.9897913456452728
16.77999936310806  16.784999782117715  0.1318119045918337  0.009161560683904417  0.128625264017691  0.3478272626345412  -0.6521727373654588  1.3478272626345413
16.784999782117715  16.790000471778782  0.13054058772037377  0.009117350129147522  0.12845146232561144  0.22913734420306328  -0.7708626557969367  1.2291373442030633
16.790000471778782  16.795000073866415  0.13377221441562281  0.00923115979651821  0.12827788722206143  0.5951935958939554  -0.4048064041060446  1.5951935958939554
16.795000073866415  16.799999940626186  0.12618219606187414  0.008967378197238552  0.1281045779889494  -0.21437502520717033  -1.2143750252071703  0.7856249747928297
16.799999940626186  16.805000069870943  0.14280552867924912  0.009541595736694115  0.12793157840168165  1.5588535385508666  0.5588535385508666  2.5588535385508666
16.805000069870943  16.81000045941067  0.1441279602407046  0.0095872493040215  0.12775891279538745  1.7073768425371931  0.7073768425371931  2.707376842537193
16.81000045941067  16.814999747776714  0.14290114590928055  0.009547984431605719  0.12758659854502716  1.603956046844733  0.6039560468447329  2.6039560468447327
16.814999747776714  16.820000650516242  0.13147432404321335  0.009160250209258093  0.1274146357776929  0.44318530310639215  -0.5568146968936079  1.4431853031063921
16.820000650516242  16.825000446070135  0.12644585489321147  0.008986115614476754  0.1272430216706773  -0.08871094159767885  -1.0887109415976788  0.9112890584023211
16.825000446070135  16.830000491511854  0.1418943961761687  0.009523328319457331  0.12707173166111269  1.5564584164100994  0.5564584164100994  2.5564584164100994
16.830000491511854  16.834999422125104  0.1254113365830022  0.008957952613071585  0.12690072215812814  -0.16626406048996298  -1.166264060489963  0.833735939510037
16.834999422125104  16.839999959914568  0.13196012450520384  0.009194097531280782  0.12672995130747908  0.5688620530650569  -0.4311379469349431  1.568862053065057
16.839999959914568  16.84499937683722  0.13786605066043212  0.009402386615556424  0.1265594203705941  1.2025276934614662  0.20252769346146615  2.202527693461466
16.84499937683722  16.85000039812973  0.1450420534433069  0.009648053879385112  0.12638916576238995  1.9333316246059078  0.9333316246059078  2.933331624605908
16.85000039812973  16.85500029250451  0.1413009336980634  0.009526507006516204  0.1262191781526483  1.5831359316797933  0.5831359316797933  2.5831359316797933
16.85500029250451  16.8600004218715  0.1124937895594339  0.008503731177528468  0.126049283014023  -1.5940642021246096  -2.59406420212461  -0.5940642021246096
16.8600004218715  16.86499941663607  0.12675662756077807  0.009031035780121601  0.12587892636749615  0.09718721248052743  -0.9028127875194726  1.0971872124805275
16.86499941663607  16.870000008504057  0.1294606555217104  0.009131450579841867  0.12570719009165146  0.41104810207754944  -0.5889518979224506  1.4110481020775494
16.870000008504057  16.874999459692326  0.13604193278742444  0.00936551288730952  0.12553339661997506  1.1220459887134093  0.12204598871340933  2.1220459887134093
16.874999459692326  16.880000505144515  0.12651056737436087  0.009036469098168635  0.12535776222396813  0.12757252173045888  -0.8724274782695411  1.1275725217304589
16.880000505144515  16.88500040382712  0.13313159468685656  0.009275717726362348  0.12518114142275022  0.8571253997424391  -0.14287460025756094  1.857125399742439
16.88500040382712  16.890000522495278  0.1313777849271322  0.009220912826904848  0.1250042629893938  0.6912029272353274  -0.3087970727646726  1.6912029272353273
16.890000522495278  16.894999486667334  0.12833511133214406  0.009120379223196711  0.12482745524324411  0.38459542120557916  -0.6154045787944209  1.384595421205579
16.894999486667334  16.90000003776764  0.13307624815392874  0.009294448335805424  0.12465086380491784  0.9064964422421293  -0.09350355775787067  1.9064964422421293
16.90000003776764  16.90499942825562  0.122880132179316  0.008938214398696739  0.12447455957877719  -0.1783832126127644  -1.1783832126127645  0.8216167873872355
16.90499942825562  16.910000402799152  0.13284072290709315  0.009300710931734299  0.1242985566162835  0.9184422947350758  -0.08155770526492423  1.9184422947350757
16.910000402799152  16.915000210601566  0.12457133480473952  0.009013665441208948  0.12412285976793411  0.04975501251189781  -0.9502449874881022  1.0497550125118977
16.915000210601566  16.92000022327181  0.13782889710434665  0.009488532584224942  0.12394747716852578  1.462968041960385  0.462968041960385  2.462968041960385
16.92000022327181  16.92500043855063  0.12298739949759765  0.008969777991032621  0.12377241183205832  -0.08751747649111009  -1.0875174764911102  0.9124825235088899
16.92500043855063  16.929999476244063  0.14478193887427798  0.009739087134276389  0.12359769079425206  2.1751780005611265  1.1751780005611265  3.1751780005611265
16.929999476244063  16.93500008913667  0.13514867946668152  0.009416254682235267  0.12342332445707781  1.2452249227843013  0.2452249227843013  2.2452249227843013
16.93500008913667  16.939999518282466  0.13666616558004568  0.009476093608075125  0.12324929176635151  1.4158654788151186  0.4158654788151186  2.4158654788151184
16.939999518282466  16.9450005197163  0.13227502095610028  0.009329960611898953  0.12307556327663954  0.9860124883837352  -0.01398751161626477  1.9860124883837353
16.9450005197163  16.95000033122933  0.13248744814124758  0.009344944070272237  0.12290212466225531  1.0257229371211223  0.02572293712112228  2.025722937121122
16.95000033122933  16.955000330104387  0.1267539707519124  0.00914767989180882  0.12272897128173814  0.4400022210854129  -0.5599977789145871  1.4400022210854129
16.955000330104387  16.9600005140613  0.13421273204607206  0.009419887107580445  0.12255609804259249  1.2374494375945506  0.23744943759455062  2.2374494375945506
16.9600005140613  16.964999497181996  0.10394136458156822  0.008295423982621702  0.12238351650085573  -2.2231717098393577  -3.2231717098393577  -1.2231717098393577
16.964999497181996  16.97000004363483  0.13855256769099508  0.009583881507764468  0.12221119711056311  1.7050889628792743  0.7050889628792743  2.705088962879274
16.97000004363483  16.974999383044857  0.13144038488190316  0.009341061404959633  0.12203898302374674  1.0064596998757256  0.006459699875725589  2.006459699875726
16.974999383044857  16.980000282837384  0.12962680066099577  0.009282768002748366  0.12186649089208884  0.8359909206617387  -0.16400907933826125  1.8359909206617386
16.980000282837384  16.984999969367937  0.12447738090281628  0.009102687608179866  0.12169313478562875  0.3058707754274177  -0.6941292245725823  1.3058707754274177
16.984999969367937  16.989999825604947  0.12865249223401384  0.009260609028311726  0.12151839757585756  0.7703699223610211  -0.2296300776389789  1.770369922361021
16.989999825604947  16.99499984924733  0.12952284736298045  0.009299198499165181  0.12134217157816529  0.8797183741748889  -0.12028162582511115  1.8797183741748889
16.99499984924733  17.000000037991118  0.11370714419944926  0.008720939858279694  0.12116454713330922  -0.8551145925837198  -1.8551145925837198  0.1448854074162802
17.000000037991118  17.005000389529474  0.12535179301644278  0.009166630954781645  0.1209850644639509  0.47637224341556345  -0.5236277565844365  1.4763722434155635
17.005000389529474  17.009999510567678  0.1236821478026329  0.009117968906729654  0.12080263695317563  0.31580617118928805  -0.6841938288107119  1.315806171189288
17.009999510567678  17.015000179945176  0.13831002148156077  0.00965999092112632  0.1206165267143732  1.8316264385396086  0.8316264385396086  2.8316264385396086
17.015000179945176  17.019999612558212  0.11596301897710938  0.008867913700159808  0.1204270613728923  -0.5033926295090672  -1.5033926295090672  0.49660737049093284
17.019999612558212  17.025000590511922  0.12426022613700151  0.009210780771220627  0.12023474246467361  0.4370404390587222  -0.5629595609412779  1.4370404390587221
17.025000590511922  17.030000325424293  0.11563922000289313  0.008921759516724879  0.12003896721883224  -0.49314792756868975  -1.4931479275686899  0.5068520724313103
17.030000325424293  17.035000207591423  0.11664988857949321  0.008999734290260285  0.11983828214034692  -0.3542764106162846  -1.3542764106162846  0.6457235893837154
17.035000207591423  17.04000023468555  0.12811658125423042  0.009470650202510703  0.1196319832137498  0.8958833722135914  -0.10411662778640862  1.8958833722135915
17.04000023468555  17.04500040437602  0.12195919531403114  0.009272385916664011  0.11942039629423383  0.2738021306074707  -0.7261978693925293  1.2738021306074707
17.04500040437602  17.04999931679469  0.12044932803118304  0.009238041753010956  0.11920240345137982  0.13497715350732367  -0.8650228464926764  1.1349771535073236
17.04999931679469  17.054999763854546  0.1292957105751791  0.009584035711106303  0.11897381550073549  1.0769883779212401  0.07698837792124014  2.07698837792124
17.054999763854546  17.06000034650129  0.12719216767589822  0.009506788964415477  0.11873024564761471  0.8900925496460512  -0.10990745035394878  1.8900925496460512
17.06000034650129  17.064999662397984  0.12485657582990832  0.00941141851446279  0.11847123149635497  0.6784677914111267  -0.3215322085888733  1.6784677914111268
17.064999662397984  17.070000508368494  0.13234098203065825  0.009677731074092451  0.11819798722404681  1.4613957236807946  0.4613957236807946  2.461395723680795
17.070000508368494  17.075000081254412  0.13275899161064306  0.009682444591277753  0.11790437198332711  1.5341807006773323  0.5341807006773323  2.5341807006773323
17.075000081254412  17.07999977869894  0.1093105083337281  0.00878003131458081  0.11757492910510683  -0.941274635052177  -1.941274635052177  0.05872536494782299
17.07999977869894  17.08499959834762  0.10012447509225743  0.00840225930066636  0.11719795737617161  -2.032010876236602  -3.032010876236602  -1.032010876236602
17.08499959834762  17.08999953784311  0.11856889990302773  0.009147789228178566  0.11677734403378526  0.19584577481560525  -0.8041542251843947  1.1958457748156053
17.08999953784311  17.0949995948252  0.12301170518735957  0.009325493303984213  0.11632358861689862  0.7171863570588293  -0.28281364294117073  1.7171863570588293
17.0949995948252  17.099999766930797  0.10906982063185368  0.00878909661472769  0.11583450721242093  -0.7696680190352914  -1.7696680190352914  0.23033198096470864
17.099999766930797  17.105000051793926  0.10707728674245014  0.0087138260147536  0.11529445412929135  -0.9430033802520857  -1.9430033802520859  0.05699661974791426
17.105000051793926  17.110000447045728  0.1028279709165385  0.008539398187150358  0.11469566078854668  -1.3897571716313748  -2.389757171631375  -0.3897571716313748
17.110000447045728  17.114999542103806  0.1161298721185867  0.009068219498201217  0.11405354215438018  0.22896776645276257  -0.7710322335472375  1.2289677664527625
17.114999542103806  17.12000015019186  0.12212626312013788  0.00928508784675205  0.11340012088048346  0.9398017965664005  -0.060198203433599495  1.9398017965664005
17.12000015019186  17.12499945168777  0.10261674265554797  0.00849262204909253  0.1127713000205086  -1.1956916610984325  -2.1956916610984325  -0.1956916610984325
17.12499945168777  17.13000026310106  0.12309516737317389  0.009278647356427628  0.1121991173261829  1.1743144909417127  0.1743144909417127  2.174314490941713
17.13000026310106  17.134999761511228  0.12811792007373657  0.00944497837708424  0.1117054303952947  1.7376947858623442  0.7376947858623442  2.7376947858623444
17.134999761511228  17.139999354388078  0.10549308199814297  0.008556618840601408  0.11129334395056738  -0.6778684501992761  -1.6778684501992762  0.3221315498007239
17.139999354388078  17.145000452493495  0.10529243950366506  0.008540344585304694  0.11094120864616387  -0.6614216892628197  -1.6614216892628197  0.33857831073718025
17.145000452493495  17.15000022795578  0.10658136143799679  0.008588570858382695  0.11060148309206785  -0.4680780679765021  -1.468078067976502  0.5319219320234979
17.15000022795578  17.155000090706988  0.09962457210928634  0.008302047675773862  0.11020944898782431  -1.2749718252553066  -2.2749718252553066  -0.2749718252553066
17.155000090706988  17.16000003834868  0.0837063671217988  0.007609669738345344  0.1096941723187754  -3.415102900724233  -4.415102900724233  -2.415102900724233
17.16000003834868  17.165000068479543  0.09963731038979219  0.008303109199149349  0.10899518021246268  -1.127032006712523  -2.127032006712523  -0.12703200671252302
17.165000068479543  17.170000178695375  0.1073033135791038  0.008618809552202216  0.10808994877029243  -0.09126958733966087  -1.091269587339661  0.9087304126603392
17.170000178695375  17.175000366589096  0.11085165283031438  0.008763592633451101  0.10701116462195294  0.438232169042418  -0.561767830957582  1.438232169042418
17.175000366589096  17.18000062975074  0.1178951506489786  0.009042145290265292  0.10582956335321668  1.334372199123103  0.334372199123103  2.334372199123103
17.18000062975074  17.18499954601413  0.09580570050717319  0.008155522824064792  0.10463365798542124  -1.082451446546023  -2.082451446546023  -0.0824514465460231
17.18499954601413  17.18999995164385  0.08687644555643781  0.00777046551631018  0.10353923884621248  -2.144375167073263  -3.144375167073263  -1.144375167073263
17.18999995164385  17.195000425294047  0.09045544774226816  0.007933467583236419  0.10270762358766594  -1.5443657791312944  -2.5443657791312946  -0.5443657791312944
17.195000425294047  17.199999542310348  0.09056645450480129  0.007943203520364119  0.1023276274861167  -1.480658647504512  -2.4806586475045123  -0.48065864750451204
17.199999542310348  17.20500014390704  0.0976580988290794  0.008253615773409441  0.10255980317488197  -0.5938856957206955  -1.5938856957206955  0.4061143042793045
17.20500014390704  17.20999938236372  0.0894019360204867  0.007902089401411502  0.10348083937404563  -1.781668447213987  -2.781668447213987  -0.781668447213987
17.20999938236372  17.215000102196846  0.1104914551803696  0.008790228200791924  0.10505810648319783  0.6181123598909843  -0.38188764010901566  1.6181123598909843
17.215000102196846  17.219999452371322  0.08961674112183624  0.007921075669386216  0.10715099844369623  -2.2136207320461923  -3.2136207320461923  -1.2136207320461923
17.219999452371322  17.22500028070776  0.11144373455285994  0.008838063040549751  0.10955417818157764  0.2137975665723208  -0.7862024334276791  1.2137975665723209
17.22500028070776  17.229999732854377  0.10945201062783985  0.008763174196045387  0.11208084981299116  -0.2999870967231992  -1.2999870967231992  0.7000129032768008
17.229999732854377  17.23500065993794  0.11938494860963594  0.009156407577893332  0.11459983094161057  0.522597713930763  -0.47740228606923696  1.5225977139307632
17.23500065993794  17.240000204287973  0.1251199765110674  0.009378138732146286  0.11696816598325457  0.8692354379307852  -0.13076456206921483  1.8692354379307852
17.240000204287973  17.24499979065481  0.12173111980623219  0.009255045656907414  0.11896935230021664  0.29840668629812034  -0.7015933137018797  1.2984066862981203
17.24499979065481  17.249999416587368  0.12398301171158042  0.009345571141489806  0.12040063227369578  0.38332375663811635  -0.6166762433618836  1.3833237566381165
17.249999416587368  17.255000510974718  0.14388443643370008  0.01007392553698522  0.12123178727098999  2.248641711668761  1.248641711668761  3.248641711668761
17.255000510974718  17.26000020950355  0.12994987958031606  0.00958003222370756  0.12161560970881836  0.8699626135779591  -0.13003738642204088  1.8699626135779592
17.26000020950355  17.26499994022781  0.12022545243222453  0.009220871278385116  0.121727015175805  -0.16284391119311356  -1.1628439111931135  0.8371560888068864
17.26499994022781  17.269999700684888  0.10692974014833521  0.008701818843211428  0.12164526579438213  -1.6910861868294322  -2.6910861868294322  -0.6910861868294322
17.269999700684888  17.27499948840929  0.11486652709660379  0.009024766693484095  0.12138869162632306  -0.7226961927368477  -1.7226961927368478  0.2773038072631523
17.27499948840929  17.279999300932626  0.1277940840603715  0.009525208636043765  0.12099083183780213  0.7142365571737266  -0.2857634428262734  1.7142365571737266
17.279999300932626  17.285000572108142  0.11730126054005412  0.009131890747924785  0.12050947896832478  -0.3513202815090327  -1.3513202815090328  0.6486797184909673
17.285000572108142  17.29000042764374  0.11888518916681062  0.009199612138149375  0.1199998125147207  -0.12115981969369084  -1.121159819693691  0.8788401803063092
17.29000042764374  17.29500030055607  0.11618977945357332  0.009100685893880736  0.11949755260162051  -0.3634641593631224  -1.3634641593631223  0.6365358406368776
17.29500030055607  17.30000018836521  0.11918996320251443  0.009223196261099454  0.11901801459032171  0.018643061182374503  -0.9813569388176255  1.0186430611823745
17.30000018836521  17.305000088588365  0.13149304125467653  0.009693795611673049  0.11856109731118859  1.33404338832104  0.3340433883210401  2.33404338832104
17.305000088588365  17.309999998739844  0.09661231001133232  0.008315063726944847  0.11811918345973228  -2.5864953239873842  -3.5864953239873842  -1.5864953239873842
17.309999998739844  17.31499991633108  0.10750860419462883  0.008778040774522662  0.11768616582356622  -1.1594343077645166  -2.1594343077645166  -0.15943430776451661
17.31499991633108  17.319999838870608  0.11270091225481818  0.008994511993810671  0.11726022998913654  -0.5068999560460563  -1.5068999560460563  0.4931000439539437
17.319999838870608  17.324999763864096  0.11863317674092319  0.009235580283533605  0.11684058492389753  0.19409628436902215  -0.8059037156309778  1.1940962843690222
17.324999763864096  17.32999968881432  0.121710561213992  0.00936235086261477  0.1164248055802972  0.5645756831013015  -0.43542431689869854  1.5645756831013014
17.32999968881432  17.334999611221168  0.11686786001440343  0.009182006257660537  0.11600869772882928  0.0935702134658573  -0.9064297865341427  1.0935702134658574
17.334999611221168  17.339999528581647  0.11706553974291246  0.009197537443941854  0.11558686553546685  0.1607684900940063  -0.8392315099059937  1.1607684900940063
17.339999528581647  17.34499943838988  0.09699258953739448  0.008378883561672807  0.11515414131233337  -2.167538388767515  -3.167538388767515  -1.167538388767515
17.34499943838988  17.349999338137106  0.11601086925623076  0.009171464504642329  0.11470780498891592  0.1420781017748329  -0.8579218982251671  1.142078101774833
17.349999338137106  17.355000673293283  0.11260086639739028  0.009044319234155176  0.11424693973641456  -0.18200080032646465  -1.1820008003264646  0.8179991996735354
17.355000673293283  17.3600005462151  0.11284923375323713  0.009064268580243635  0.11376650072876954  -0.1011959175097338  -1.101195917509734  0.8988040824902662
17.3600005462151  17.365000401532562  0.11094749365716346  0.008999030045980658  0.11325269215006703  -0.25616077300832757  -1.2561607730083275  0.7438392269916725
17.365000401532562  17.37000023672536  0.10028755243834468  0.008568143839937101  0.11268936416550954  -1.4474327180828332  -2.4474327180828332  -0.44743271808283325
17.37000023672536  17.375000049270312  0.09912725863960924  0.008531516041475597  0.11207069240853897  -1.5171317390726082  -2.5171317390726085  -0.5171317390726082
17.375000049270312  17.379999836641357  0.10016722577121356  0.008589268748706688  0.11140029279343903  -1.3078024859702837  -2.3078024859702837  -0.3078024859702837
17.379999836641357  17.384999596309537  0.12408330276331206  0.009573234645369773  0.11067004746864277  1.4011204980917087  0.4011204980917087  2.401120498091709
17.384999596309537  17.389999325743023  0.10214351857046525  0.008695033725778605  0.10984566369242002  -0.8858096891700188  -1.885809689170019  0.11419031082998121
17.389999325743023  17.395000477070997  0.10298791731922459  0.008735321136096244  0.10888204445804513  -0.6747464743413633  -1.6747464743413634  0.32525352565863674
17.395000477070997  17.40000013926436  0.08962460053796657  0.00814769095799696  0.10774635273704326  -2.2241580212722947  -3.2241580212722947  -1.2241580212722947
17.40000013926436  17.40499976361045  0.109467827306435  0.008998199975847825  0.10642691338190656  0.3379469152375573  -0.6620530847624426  1.3379469152375574
17.40499976361045  17.409999347565897  0.1003864439269678  0.008608066550481389  0.10493546155928167  -0.5284598586263798  -1.5284598586263798  0.4715401413736202
17.409999347565897  17.41500034659527  0.08250332645895748  0.007795831576642025  0.10330914697118858  -2.668839149189647  -3.668839149189647  -1.668839149189647
17.41500034659527  17.419999842965037  0.09930580341330675  0.008546882728921882  0.10160435558538118  -0.2689345630420725  -1.2689345630420725  0.7310654369579275
17.419999842965037  17.424999291296977  0.10001217347854775  0.008575973124299042  0.09988970873868769  0.014279981768258712  -0.9857200182317413  1.0142799817682586
17.424999291296977  17.43000014955971  0.10822018944863292  0.008925850787131501  0.09823887874731445  1.1182475418151328  0.11824754181513275  2.1182475418151325
17.43000014955971  17.434999494986357  0.07379461017274062  0.007379461017274063  0.09672568116336337  -3.1074181348671686  -4.107418134867169  -2.1074181348671686
17.434999494986357  17.44000024690194  0.0999359316766969  0.008601115534923763  0.09541219603588109  0.5259475497623226  -0.4740524502376774  1.5259475497623227
17.44000024690194  17.444999479181533  0.08763098829227452  0.008067086356321305  0.0943260436412503  -0.8299223602248396  -1.8299223602248396  0.17007763977516044
17.444999479181533  17.4500001144976  0.09307663103414915  0.00832502696436096  0.09343811595249357  -0.04342147117263676  -1.0434214711726368  0.9565785288273633
17.4500001144976  17.45500068808162  0.09398343716074944  0.008372710044926729  0.09266476768849526  0.15749613508391072  -0.8425038649160893  1.1574961350839108
17.45500068808162  17.459999731806437  0.09105438339130811  0.008243676530773588  0.09186335012934446  -0.09813179047194276  -1.0981317904719428  0.9018682095280572
17.459999731806437  17.465000173369372  0.08429932502442351  0.007930213424112681  0.09084045429731816  -0.8248364732537494  -1.8248364732537494  0.17516352674625058
17.465000173369372  17.470000545476843  0.07898131035376552  0.0076713430137063865  0.08941252303166579  -1.3597635589052421  -2.359763558905242  -0.35976355890524214
17.470000545476843  17.474999377473893  0.0922415320667198  0.008283534113127825  0.08748137986254667  0.5746523330699148  -0.4253476669300852  1.5746523330699147
17.474999377473893  17.479999602086814  0.07945543482251619  0.007681246809591586  0.08505333965306859  -0.7287755450797763  -1.7287755450797762  0.27122445492022373
17.479999602086814  17.48499974949491  0.07340327882356996  0.007377307098170355  0.08224123582287489  -1.1979922865752488  -2.197992286575249  -0.1979922865752488
17.48499974949491  17.48999981710938  0.08444993801828479  0.007909461373687901  0.07925773467494532  0.656454731622076  -0.343545268377924  1.656454731622076
17.48999981710938  17.494999802338516  0.07111451291707344  0.007258094581391383  0.076371427657227  -0.7242830306498715  -1.7242830306498715  0.27571696935012846
17.494999802338516  17.499999702587758  0.08155036003192262  0.00777552174299472  0.07384524093976164  0.9909456042744448  -0.00905439572555522  1.9909456042744447
17.499999702587758  17.504999515259637  0.07497856135598016  0.007460645701764176  0.07191074215971158  0.4112002256779402  -0.5887997743220599  1.4112002256779401
17.504999515259637  17.510000711715193  0.0832763877639945  0.00786887900383256  0.07077517513469211  1.588690412346363  0.588690412346363  2.588690412346363
17.510000711715193  17.51500034227031  0.07894144790399366  0.007667471230316151  0.07065102681616729  1.0812458030552703  0.08124580305527029  2.0812458030552703
17.51500034227031  17.519999877438632  0.09248342633213236  0.008305256859426808  0.07177490740467266  2.493423054574727  1.493423054574727  3.493423054574727
17.519999877438632  17.524999314611183  0.07468492675141598  0.007468492675141599  0.07435749936163938  0.04384116099710837  -0.9561588390028917  1.0438411609971083
17.524999314611183  17.530000128506423  0.10021932358473354  0.008657630927797264  0.0784834122290817  2.510607293949644  1.510607293949644  3.510607293949644
17.530000128506423  17.534999362691696  0.11463063046529713  0.009267337202736583  0.08405489507914672  3.299301052423299  2.299301052423299  4.299301052423299
17.534999362691696  17.539999970053454  0.09463230596607332  0.00843051587250976  0.09083478613861297  0.45044928268782536  -0.5495507173121746  1.4504492826878255
17.539999970053454  17.545000470641543  0.11228815144384474  0.009199003795887378  0.09848754700948713  1.5002281486749116  0.5002281486749116  2.5002281486749114
17.545000470641543  17.549999381129897  0.1453281387397165  0.010488155002775326  0.10654647584543364  3.6976630192841977  2.6976630192841977  4.697663019284198
17.549999381129897  17.554999659455735  0.1072655355154282  0.009033387679854676  0.11441114003494209  -0.7910215716136345  -1.7910215716136344  0.2089784283863655
17.554999659455735  17.559999823130887  0.12618841695331987  0.009823754936357355  0.12146981140019296  0.48032606510403997  -0.51967393489596  1.48032606510404
17.559999823130887  17.564999869523994  0.1329875072604162  0.010110852947484717  0.12725215849601731  0.567246778702846  -0.432753221297154  1.5672467787028461
17.564999869523994  17.56999979600082  0.13052781134628258  0.010040600872790966  0.13152001363769816  -0.09881901531454892  -1.098819015314549  0.901180984685451
17.56999979600082  17.57499959992424  0.1256516309598232  0.00987212447987117  0.13427698573336966  -0.8737080646757603  -1.8737080646757605  0.12629193532423966
17.57499959992424  17.579999278654267  0.13625190601002157  0.010299675970316113  0.13571329212560249  0.05229425527282518  -0.9477057447271748  1.0522942552728252
17.579999278654267  17.5850003161631  0.10703397948195424  0.009144530000630629  0.13612360473088903  -3.181095720275256  -4.1810957202752554  -2.181095720275256
17.5850003161631  17.589999737420236  0.1394922588993295  0.010455386841466244  0.13583892716989435  0.34942100037331963  -0.6505789996266804  1.3494210003733196
17.589999737420236  17.5950005138533  0.15635178649462733  0.011083484281551748  0.1351559161122207  1.9123833123205474  0.9123833123205474  2.9123833123205474
17.5950005138533  17.599999667043885  0.125178737253939  0.009927319607743124  0.13428607918112004  -0.9174019057548516  -1.9174019057548515  0.08259809424514841
17.599999667043885  17.60500017179688  0.13563467641870136  0.010342047120688702  0.1333577710551137  0.22016002605836646  -0.7798399739416335  1.2201600260583665
17.60500017179688  17.6100005371493  0.12717595274686483  0.01002286917831763  0.13244627975526516  -0.5258301704467612  -1.5258301704467612  0.47416982955323883
17.6100005371493  17.614999268749838  0.13460487971340937  0.010323723006819665  0.1315895743557097  0.29207538362931645  -0.7079246163706836  1.2920753836293164
17.614999268749838  17.61999934647278  0.11916965543658549  0.009730161621430726  0.13079601631827265  -1.1948784957569498  -2.19487849575695  -0.19487849575694982
17.61999934647278  17.62499927680782  0.13880278642532776  0.010522612083234134  0.13005156779945007  0.8316583902034321  -0.16834160979656787  1.8316583902034322
17.62499927680782  17.630000551320176  0.1329788813778058  0.010321162868922406  0.12933763118554178  0.35279456767686984  -0.6472054323231302  1.3527945676768698
17.630000551320176  17.63500017971976  0.1375200950798224  0.010516424511562294  0.1286513221269009  0.8433258797389482  -0.15667412026105176  1.8433258797389482
17.63500017971976  17.63999965271865  0.13639993940662998  0.010492303031279229  0.1280048560633651  0.8001182693864078  -0.19988173061359216  1.8001182693864077
17.63999965271865  17.645000464417162  0.14901572419773557  0.010985584936776387  0.1274053746969271  1.967155106002925  0.9671551060029251  2.967155106002925
17.645000464417162  17.649999619429774  0.14869978900985747  0.010992204702254366  0.12684398265377003  1.988300522788215  0.9883005227882149  2.988300522788215
17.649999619429774  17.65500010947705  0.1206456635472371  0.009917012454974318  0.1263061173371407  -0.5707821600107342  -1.5707821600107343  0.42921783998926577
17.65500010947705  17.660000435097178  0.12347273234270033  0.010048068455343  0.12578641081620864  -0.23026101820375394  -1.2302610182037539  0.7697389817962461
17.660000435097178  17.665000593602546  0.1287736727121162  0.010277257925626606  0.12528872386939127  0.3390932550242907  -0.6609067449757093  1.3390932550242907
17.665000593602546  17.670000582302656  0.12834664432104922  0.01027595560110389  0.12481525545369723  0.3436555201710518  -0.6563444798289482  1.3436555201710518
17.670000582302656  17.675000398504142  0.10231521100216028  0.009188177186988099  0.1243616664604834  -2.3994373431918974  -3.3994373431918974  -1.3994373431918974
17.675000398504142  17.680000039510762  0.12737867431323505  0.010264466088871464  0.12392174504605803  0.3367860770590835  -0.6632139229409165  1.3367860770590836
17.680000039510762  17.684999502623402  0.13505453607905632  0.010578287670219648  0.12349370067137201  1.0928834389927555  0.09288343899275553  2.0928834389927555
17.684999502623402  17.6900002895613  0.13684409736187697  0.010653298531095786  0.12308004313478682  1.2919992983313482  0.2919992983313482  2.291999298331348
17.6900002895613  17.694999389627547  0.13110649617744813  0.010430272803672638  0.12268239280868931  0.8076589680178442  -0.1923410319821558  1.807658968017844
17.694999389627547  17.699999809807935  0.1245446510264524  0.01016902817359352  0.12229863344682523  0.22086845874412359  -0.7791315412558764  1.2208684587441236
17.699999809807935  17.70500004297126  0.14549954865335024  0.010998732045968788  0.12192508906871283  2.1433797537851493  1.1433797537851493  3.1433797537851493
17.70500004297126  17.71000008640467  0.1300441843588609  0.010411867577236392  0.12156014126809311  0.8148435453901242  -0.18515645460987584  1.8148435453901242
17.71000008640467  17.714999937392435  0.1297320466033951  0.010420328740992673  0.12120438956092301  0.8183673715518223  -0.18163262844817774  1.8183673715518223
17.714999937392435  17.719999593215963  0.14048817620116916  0.010871301464081412  0.12085826195460804  1.8056636835449742  0.8056636835449742  2.8056636835449744
17.719999593215963  17.725000561533996  0.12435428819310282  0.010256568823310316  0.12052028117905682  0.37380990466639996  -0.6261900953336  1.3738099046664
17.725000561533996  17.729999819713882  0.13013704549271538  0.010520956556319142  0.12018803630827544  0.9456373221562563  -0.05436267784374371  1.9456373221562564
17.729999819713882  17.735000386641623  0.11366798494375113  0.009856264296044418  0.11986048670672152  -0.6282808148169894  -1.6282808148169894  0.3717191851830106
17.735000386641623  17.74000074920754  0.126104511055668  0.010400924772002294  0.11953843443131865  0.6312973863655118  -0.3687026136344882  1.6312973863655118
17.74000074920754  17.744999390888623  0.1160927821990452  0.009991675823817487  0.1192226616882678  -0.3132487026612484  -1.3132487026612485  0.6867512973387516
17.744999390888623  17.749999335677828  0.13514808415920893  0.010785991342839104  0.11891267525710138  1.505231034038087  0.505231034038087  2.5052310340380872
17.749999335677828  17.75500058339665  0.11963851766218826  0.010147606624438976  0.11860754504789509  0.10159761335350125  -0.8984023866464987  1.1015976133535013
17.75500058339665  17.760000101163232  0.13248047176169686  0.010675580643049127  0.1183077995315451  1.3275785836885223  0.32757858368852233  2.3275785836885223
17.760000101163232  17.764999400877628  0.11353608616689641  0.009882047873158729  0.11801567844643814  -0.4533060694543931  -1.4533060694543931  0.5466939305456069
17.764999400877628  17.769999997852075  0.12048706693320164  0.010183015725835493  0.11773277281861601  0.2704792164464271  -0.7295207835535729  1.2704792164464271
17.769999997852075  17.775000372986785  0.11806522262670581  0.01008699270611603  0.1174578066684896  0.06021774535912194  -0.9397822546408781  1.060217745359122
17.775000372986785  17.780000523529946  0.10793672586167377  0.009654154251818484  0.1171877723703018  -0.9582451520168603  -1.9582451520168602  0.041754847983139665
17.780000523529946  17.78500044672689  0.12291169184239677  0.01031452005108466  0.11692068668900438  0.5808321786879828  -0.41916782131201724  1.5808321786879826
17.78500044672689  17.790000139820073  0.13799769427465394  0.010943929026996197  0.11665629933586676  1.950067008488706  0.950067008488706  2.950067008488706
17.790000139820073  17.794999600049085  0.13143121671935318  0.01069572072884607  0.11639477991426514  1.4058367066872994  0.40583670668729943  2.4058367066872997
17.794999600049085  17.800000347839653  0.13618262587041158  0.010903336230478951  0.11613586799244174  1.8385893504716064  0.8385893504716064  2.838589350471606
17.800000347839653  17.80499933490331  0.14445688843658527  0.011245953512474056  0.11587906001998063  2.5411654409655893  1.5411654409655893  3.5411654409655893
17.80499933490331  17.809999605705386  0.12466403428899903  0.010461573362538721  0.11562422113595053  0.8640969039531534  -0.13590309604684658  1.8640969039531534
17.809999605705386  17.81499963428561  0.10826201459929466  0.009761657115210624  0.11537180847407989  -0.7283388251474984  -1.7283388251474983  0.27166117485250163
17.81499963428561  17.81999941786984  0.10676053830000336  0.009705503481818487  0.11512239581358132  -0.8615583446281169  -1.8615583446281168  0.13844165537188313
17.81999941786984  17.825000481151736  0.12559638309682034  0.0105398143364341  0.1148760818832235  1.0171242937874942  0.01712429378749425  2.0171242937874942
17.825000481151736  17.829999767267058  0.11705489205008661  0.010188320613113163  0.11463255829544299  0.23775594100620356  -0.7622440589937964  1.2377559410062036
17.829999767267058  17.835000329231953  0.13336820093149923  0.010889468006505108  0.11439204973186948  1.7426150835186671  0.7426150835186671  2.7426150835186673
17.835000329231953  17.84000063679078  0.11408488384693981  0.010083774374881345  0.11415596845513301  -0.007049404870688198  -1.0070494048706882  0.9929505951293118
17.84000063679078  17.84500068715568  0.12057853958543117  0.010377748349430815  0.11392596454974815  0.6410422388058659  -0.35895776119413414  1.6410422388058659
17.84500068715568  17.85000047753592  0.11990300941458616  0.010358042396544554  0.1137021911070251  0.5986477048626144  -0.4013522951373856  1.5986477048626144
17.85000047753592  17.85500000513793  0.12636755554757517  0.010642067966487046  0.11348304401635159  1.2107150200316537  0.21071502003165365  2.2107150200316537
17.85500000513793  17.859999267165257  0.14270866927467116  0.011317533646400415  0.11326652458033666  2.601462970132073  1.601462970132073  3.601462970132073
17.859999267165257  17.864999795152222  0.12494086404189333  0.010597345774498427  0.11305139549105912  1.1219289059572988  0.12192890595729877  2.121928905957299
17.864999795152222  17.870000053680798  0.12243230204068409  0.010498483287858809  0.1128371581937534  0.9139552432328194  -0.0860447567671806  1.9139552432328193
17.870000053680798  17.875000039946542  0.11902506357419534  0.01035980203348692  0.11262362272245297  0.6179115036224077  -0.38208849637759235  1.6179115036224077
17.875000039946542  17.87999975114215  0.11110771354497401  0.010018245148083043  0.11241074941154264  -0.13006627880512203  -1.1300662788051221  0.869933721194878
17.87999975114215  17.885000722228565  0.11315244657903119  0.010120662494845091  0.11219855507406011  0.09425188375335487  -0.9057481162466451  1.0942518837533548
17.885000722228565  17.889999875710345  0.11708960539362928  0.010309164919013054  0.11198703980523904  0.49495430798469897  -0.505045692015301  1.494954307984699
17.889999875710345  17.895000285174252  0.13025144164256075  0.01089217273654963  0.11177608497750481  1.696204890605553  0.6962048906055529  2.6962048906055527
17.895000285174252  17.900000410031023  0.11707454337596801  0.010348025440683197  0.11156548833301522  0.5323774158202174  -0.46762258417978264  1.5323774158202172
17.900000410031023  17.905000247459643  0.14331598065267304  0.011474461696339061  0.11135512557445433  2.7853903672375195  1.7853903672375195  3.7853903672375195
17.905000247459643  17.90999979463623  0.1116179226134212  0.010147083873947381  0.11114490650333342  0.04661596533189667  -0.9533840346681033  1.0466159653318967
17.90999979463623  17.91500059166834  0.11380711292852684  0.010261641793682  0.11093475502100719  0.27991211984110825  -0.7200878801588917  1.2799121198411083
17.91500059166834  17.919999550719023  0.1148847088015774  0.010316951411282698  0.11072482744980963  0.40320838840226586  -0.5967916115977341  1.403208388402266
17.919999550719023  17.92499975568623  0.09724584620559164  0.009490222840597872  0.1105154869007811  -1.3982433203173854  -2.3982433203173854  -0.3982433203173854
17.92499975568623  17.92999966080096  0.08970614809309883  0.009108279345523641  0.11030691053859155  -2.2617622565141446  -3.2617622565141446  -1.2617622565141446
17.92999966080096  17.934999263225627  0.12552795403710407  0.010763933256598614  0.11009901846114083  1.4333919774637067  0.4333919774637067  2.4333919774637067
17.934999263225627  17.94000010736326  0.10499192375190516  0.009833394611670144  0.10989173370800828  -0.49828265310212305  -1.4982826531021232  0.5017173468978769
17.94000010736326  17.945000644852183  0.12129035701515477  0.010556970519613936  0.10968506151046774  1.099301687271494  0.09930168727149402  2.099301687271494
17.945000644852183  17.94999932387783  0.1210089009840766  0.010532472916541597  0.10947903876264278  1.0946965933637287  0.09469659336372871  2.0946965933637287
17.94999932387783  17.954999238666694  0.10976678400370898  0.010020290610604773  0.10927384934621356  0.04919364883227365  -0.9508063511677264  1.0491936488322737
17.954999238666694  17.96000038895661  0.11506162638588133  0.010250504388118007  0.10906987218273649  0.5845326216425256  -0.4154673783574744  1.5845326216425257
17.96000038895661  17.964999671366364  0.1049556749293878  0.009787167152376148  0.10886793796743761  -0.3997339554071043  -1.3997339554071044  0.6002660445928957
17.964999671366364  17.970000185293518  0.12241178845865089  0.010574767896837325  0.10866918242050724  1.29956573725403  0.2995657372540299  2.2995657372540297
17.970000185293518  17.97500037718354  0.11355033582752874  0.010197121180772508  0.1084743787691014  0.4977833418316598  -0.5022166581683403  1.4977833418316597
17.97500037718354  17.980000244174306  0.11209112795344557  0.010148253894012596  0.10828316414683567  0.3752333993985488  -0.6247666006014512  1.3752333993985488
17.980000244174306  17.984999783400834  0.12815052671903537  0.010869585809574313  0.10809430449465786  1.8451689490055174  0.8451689490055174  2.8451689490055174
17.984999783400834  17.990000547875397  0.10170926228161202  0.009697597656528485  0.10790671812332492  -0.6390712484901587  -1.6390712484901586  0.3609287515098413
17.990000547875397  17.994999423831906  0.11953035328178317  0.010524060788036799  0.10771993972422644  1.1222296977780848  0.12222969777808479  2.122229697778085
17.994999423831906  17.999999521022456  0.11598473165144298  0.010373989772987919  0.1075337781481817  0.8146290567266707  -0.18537094327332926  1.8146290567266707
17.999999521022456  18.004999280691127  0.11140915440569174  0.010170217830095571  0.10734798829905925  0.3993194811044011  -0.6006805188955989  1.399319481104401
18.004999280691127  18.010000259300654  0.11040458554971708  0.010120771763844823  0.10716239842851441  0.3203497911873641  -0.6796502088126359  1.320349791187364
18.010000259300654  18.0149993361525  0.11846702460445228  0.010471104555600222  0.10697709066875336  1.0972991315948437  0.09729913159484371  2.097299131594844
18.0149993361525  18.019999627911524  0.10230491672071484  0.009710352971026001  0.10679228735540666  -0.46212229854891396  -1.462122298548914  0.537877701451086
18.019999627911524  18.024999572349664  0.13382723773623967  0.011075621000590098  0.10660812250006754  2.4575701204223157  1.4575701204223157  3.4575701204223157
18.024999572349664  18.0300007293841  0.10111326568105089  0.009597246459781619  0.10642458516814433  -0.5534211827685318  -1.5534211827685318  0.4465788172314682
18.0300007293841  18.034999971375882  0.11402858401845904  0.01015847365942953  0.1062416271773699  0.7665479187280231  -0.23345208127197692  1.766547918728023
18.034999971375882  18.04000042191059  0.11507945694177249  0.01017168304734908  0.10605921051749996  0.8867997933364006  -0.11320020666359942  1.8867997933364005
18.04000042191059  18.045000515284045  0.10094188633748971  0.00949581389716817  0.10587727888762336  -0.5197440265342045  -1.5197440265342044  0.4802559734657955
18.045000515284045  18.0500002485959  0.09586963677346727  0.009225060099712162  0.10569579636176876  -1.0651594116560916  -2.065159411656092  -0.06515941165609163
18.0500002485959  18.054999618942983  0.11204721889689208  0.009942582905012938  0.10551487262746616  0.6570069701035514  -0.34299302989644864  1.6570069701035512
18.054999618942983  18.060000191430873  0.11143777259357092  0.009888503290573777  0.10533474834800811  0.6171838210723481  -0.38281617892765185  1.6171838210723481
18.060000191430873  18.065000396875593  0.13111725408747676  0.010705678966305669  0.10515551477428167  2.4250436982937114  1.4250436982937114  3.4250436982937114
18.065000396875593  18.07000023236597  0.10386608605200523  0.009521388497607607  0.10497692034048703  -0.11666725801188686  -1.1166672580118868  0.8833327419881132
18.07000023236597  18.074999694988  0.08559655734260559  0.008646558020454225  0.10479856053462124  -2.220768442956324  -3.220768442956324  -1.2207684429563241
18.074999694988  18.080000353311288  0.09713320584552224  0.00921947589813508  0.10462015874057627  -0.8120800984542409  -1.812080098454241  0.1879199015457591
18.080000353311288  18.085000634668127  0.106071496077527  0.009642863279775182  0.10444167385338049  0.16901849345566042  -0.8309815065443396  1.1690184934556604
18.085000634668127  18.09000053613652  0.10526345043702198  0.009609194380863996  0.10426333849306092  0.10407864637983733  -0.8959213536201627  1.1040786463798373
18.09000053613652  18.095000054791644  0.11480903723904054  0.01003091215770979  0.10408584048060786  1.0690151194466193  0.06901511944661931  2.069015119446619
18.095000054791644  18.100000762671005  0.10666538313593688  0.009657030039123118  0.10391011339035067  0.2853123304394718  -0.7146876695605282  1.2853123304394718
18.100000762671005  18.104999507783777  0.09583045770149726  0.00913707563286598  0.10373700369620575  -0.8653256591494891  -1.8653256591494891  0.1346743408505109
18.104999507783777  18.10999943799767  0.10757592190364987  0.009660602972156892  0.10356672707522475  0.41500461616941836  -0.5849953838305817  1.4150046161694183
18.10999943799767  18.115000552988505  0.10629068170150896  0.009583908013835192  0.10339876671679503  0.30174694712628725  -0.6982530528737128  1.3017469471262872
18.115000552988505  18.1199996955353  0.11202587267074594  0.009825318999574589  0.1032323064111933  0.8949904079382441  -0.10500959206175586  1.894990407938244
18.1199996955353  18.125000018721526  0.08089669567129822  0.008343857066750875  0.10306667822824432  -2.6570424660425256  -3.6570424660425256  -1.6570424660425256
18.125000018721526  18.12999994202688  0.103267753746495  0.009427013031640655  0.1029015334011828  0.03884797274417812  -0.9611520272558218  1.0388479727441782
18.12999994202688  18.134999462504894  0.11283106843992827  0.009858096221336455  0.10273679521632768  1.0239576685965959  0.02395766859659587  2.023957668596596
18.134999462504894  18.140000159140207  0.12164374078928507  0.01024425099914141  0.10257251844028033  1.8616512178980322  0.8616512178980322  2.8616512178980322
18.140000159140207  18.145000448790956  0.09427789817254183  0.00903018489850637  0.10240873933609893  -0.9004069412689412  -1.9004069412689413  0.09959305873105884
18.145000448790956  18.15000032850269  0.10069517741543786  0.009349312511478984  0.10224538717195128  -0.16581002663137934  -1.1658100266313793  0.8341899733686207
18.15000032850269  18.15499979531812  0.08458329192342731  0.008588132108882932  0.10208232968049186  -2.0375836718865594  -3.0375836718865594  -1.0375836718865594
18.15499979531812  18.16000043170134  0.1104207635781568  0.009837063468938796  0.10191945392014791  0.8642121385972925  -0.1357878614027075  1.8642121385972925
18.16000043170134  18.165000651011322  0.11272639687538756  0.009963699956164073  0.10175673089982175  1.100963098430056  0.10096309843005602  2.1009630984300562
18.165000651011322  18.17000045028281  0.1034958639411196  0.009568196006106443  0.10159421918440735  0.1987464257106169  -0.8012535742893832  1.1987464257106168
18.17000045028281  18.17499982654771  0.11365866241472447  0.01004610136675553  0.10143202716224155  1.2170527457490328  0.21705274574903277  2.217052745749033
18.17499982654771  18.18000036575335  0.09711235232996823  0.00930167636813011  0.101270241692973  -0.44700430314375833  -1.4470043031437583  0.5529956968562417
18.18000036575335  18.185000477755754  0.09920727581660543  0.009416337907815457  0.10110888006732616  -0.20194732488756642  -1.2019473248875665  0.7980526751124336
18.185000477755754  18.190000159578855  0.10041768689611014  0.009488579527123463  0.10094790252389556  -0.055879346984421464  -1.0558793469844214  0.9441206530155786
18.190000159578855  18.194999408243767  0.11242910017833978  0.01005596442591606  0.10078726701375605  1.1577042908565374  0.15770429085653737  2.1577042908565374
18.194999408243767  18.199999813184817  0.08300471088123772  0.008653839326689089  0.10062692051176579  -2.036345830477793  -3.036345830477793  -1.036345830477793
18.199999813184817  18.204999780751304  0.10858605440205188  0.009912505237747825  0.10046686445050593  0.8190855648304975  -0.18091443516950245  1.8190855648304975
18.204999780751304  18.209999307956377  0.08437771187595382  0.008749561132724584  0.10030707046358417  -1.8205894382579164  -2.820589438257916  -0.8205894382579164
18.209999307956377  18.214999986852348  0.0945627551572653  0.009272641034730624  0.10014754128429335  -0.6022864582064881  -1.6022864582064882  0.3977135417935119
18.214999986852348  18.220000221156123  0.08924141892036302  0.009014744640185451  0.09998834309652253  -1.1921495954807675  -2.1921495954807675  -0.1921495954807675
18.220000221156123  18.22500000787287  0.10023311309410725  0.009556852353885379  0.09982965049406245  0.04221710089313807  -0.957782899106862  1.042217100893138
18.22500000787287  18.22999934400494  0.08743950074570667  0.008924256674612106  0.09967193900717443  -1.370695477222976  -2.3706954772229762  -0.370695477222976
18.22999934400494  18.23499982509847  0.1209708482995313  0.010489502858231354  0.09951598893623176  2.0453647473353254  1.0453647473353254  3.0453647473353254
18.23499982509847  18.239999851356817  0.10531597401859605  0.009778342705414401  0.09936237225291912  0.6088559119921563  -0.3911440880078437  1.6088559119921562
18.239999851356817  18.244999419774377  0.11331062870536782  0.010134810734337656  0.09921092314876209  1.391215477644259  0.3912154776442589  2.391215477644259
18.244999419774377  18.250000128520348  0.09781443157256357  0.009412198066508302  0.09906093580973395  -0.1324349772882327  -1.1324349772882327  0.8675650227117673
18.250000128520348  18.25500037516062  0.09688935950534298  0.009366647923407835  0.09891174061668029  -0.2159130062189328  -1.2159130062189327  0.7840869937810672
18.25500037516062  18.260000156681603  0.11049797119664957  0.010004016258473393  0.09876299046484692  1.1730269552354173  0.17302695523541733  2.173026955235417
18.260000156681603  18.264999470066904  0.08245396556506376  0.008643524182944753  0.09861458809503675  -1.8696797958708604  -2.8696797958708604  -0.8696797958708604
18.264999470066904  18.269999916986276  0.08611850000941998  0.008835571672371003  0.0984665454327476  -1.3975378030082868  -2.397537803008287  -0.3975378030082868
18.269999916986276  18.27499989148533  0.09523834967397563  0.009294311239433072  0.09831886934300003  -0.3314414150404878  -1.3314414150404879  0.6685585849595121
18.27499989148533  18.279999390539714  0.10075369081925001  0.009563117124266629  0.09817152756973446  0.2700127182342311  -0.7299872817657689  1.2700127182342311
18.279999390539714  18.28500001844727  0.10356393250969437  0.009699650978018387  0.09802449218998958  0.5710968706253881  -0.42890312937461195  1.571096870625388
18.28500001844727  18.290000166611108  0.09365571434316203  0.009228171740970908  0.09787776507861463  -0.45751757270702814  -1.4575175727070282  0.5424824272929718
18.290000166611108  18.294999831998904  0.11103979988534353  0.010053071123031542  0.09773135971298604  1.323818364506337  0.32381836450633705  2.3238183645063373
18.294999831998904  18.30000062153886  0.10660227366640423  0.009855383686801668  0.09758527597983273  0.9149311658608551  -0.0850688341391449  1.914931165860855
18.30000062153886  18.30499931314606  0.09030636229922702  0.0090761309069222  0.09743950419208013  -0.7859232051636441  -1.7859232051636442  0.2140767948363559
18.30499931314606  18.310000736309984  0.09955093804632299  0.009535250517919053  0.09729404287267102  0.23668965691155364  -0.7633103430884464  1.2366896569115537
18.310000736309984  18.3150000554578  0.09328129047568386  0.009236224057019184  0.09714890484422789  -0.41874410415637164  -1.4187441041563718  0.5812558958436284
18.3150000554578  18.320000491871145  0.09616417844567095  0.009384662876016605  0.09700409333498482  -0.0894986746365022  -1.0894986746365023  0.9105013253634978
18.320000491871145  18.325000430778438  0.09448677204470414  0.009310058289488244  0.09685961752569759  -0.25486902522109556  -1.2548690252210957  0.7451309747789044
18.325000430778438  18.329999869128656  0.09466741826740076  0.00932785789070952  0.09671548746226509  -0.2195647938530661  -1.219564793853066  0.780435206146934
18.329999869128656  18.335000419995467  0.10501441611092394  0.009835501214102742  0.0965716814828201  0.8583939388872367  -0.1416060611127633  1.8583939388872368
18.335000419995467  18.340000465957587  0.09143475675753093  0.009189538817034637  0.09642817083199755  -0.5433802690087484  -1.5433802690087484  0.45661973099125164
18.340000465957587  18.345000003956045  0.0972602597312993  0.009491629456676828  0.0962849457419357  0.10275516904818861  -0.8972448309518114  1.1027551690481887
18.345000003956045  18.35000064970201  0.07991854544460443  0.008617838385676715  0.09614200372513942  -1.8825438067507982  -2.8825438067507982  -0.8825438067507982
18.35000064970201  18.35500078312228  0.10537300760147776  0.009912658721505357  0.09599931205280758  0.9456287976841259  -0.05437120231587411  1.945628797684126
18.35500078312228  18.360000401149925  0.09731921464849341  0.009542934125772935  0.09585684329242219  0.1532412711643613  -0.8467587288356387  1.1532412711643614
18.360000401149925  18.36499950071522  0.09670899803083584  0.009529020722171553  0.09571465296935527  0.10434913413158929  -0.8956508658684107  1.1043491341315892
18.36499950071522  18.369999701049018  0.09798167639127557  0.009607893844108607  0.09557283533260683  0.2507147870025445  -0.7492852129974554  1.2507147870025446
18.369999701049018  18.37499937853872  0.09078472491504787  0.009265677186700089  0.09543138009443027  -0.5014911577161555  -1.5014911577161554  0.4985088422838445
18.37499937853872  18.380000154176845  0.09211446471350268  0.0093528068500191  0.09529017557651399  -0.33954628957240085  -1.3395462895724009  0.6604537104275991
18.380000154176845  18.38500040258  0.08678844816133631  0.009097901421015511  0.09514910656926819  -0.9189655966835762  -1.9189655966835764  0.08103440331642375
18.38500040258  18.390000120665377  0.10340593207930167  0.009950240453631494  0.09500814582431349  0.8439782228502096  -0.15602177714979037  1.8439782228502097
18.390000120665377  18.39499930534737  0.08740626132233544  0.009162665837875771  0.09486736117962502  -0.8142935679753363  -1.8142935679753363  0.18570643202466375
18.39499930534737  18.399999581144012  0.06258047299217627  0.00776215235805171  0.09472683310953256  -4.141423491128817  -5.141423491128817  -3.1414234911288172
18.399999581144012  18.404999319126684  0.08004393218929849  0.008785962983423304  0.0945865803700404  -1.6552139143062503  -2.65521391430625  -0.6552139143062503
18.404999319126684  18.410000145577996  0.09655646200984508  0.009655646200984507  0.09444673497757354  0.21849672081568486  -0.7815032791843152  1.218496720815685
18.410000145577996  18.415000429795615  0.09569886991844542  0.009618098314560992  0.0943073035070707  0.14468207392598598  -0.855317926074014  1.144682073925986
18.415000429795615  18.42000016868086  0.08131023852924023  0.008871674353218052  0.09416826903775302  -1.4493352659916738  -2.4493352659916736  -0.44933526599167384
18.42000016868086  18.424999359132254  0.08048896493921989  0.008834811673889602  0.09402958645575997  -1.5326440467947977  -2.5326440467947977  -0.5326440467947977
18.424999359132254  18.429999630963724  0.11372746343152941  0.010514107713611156  0.09389121088261632  1.8866320461254025  0.8866320461254025  2.8866320461254027
18.429999630963724  18.434999349921917  0.09064264219931645  0.009399204144342475  0.09375300214970807  -0.3309173737080485  -1.3309173737080484  0.6690826262919515
18.434999349921917  18.440000147588208  0.07426157432629633  0.00851838678622527  0.09361487199573386  -2.271943990701729  -3.271943990701729  -1.271943990701729
18.440000147588208  18.44500038793265  0.09201826684913748  0.009490959547211159  0.09347684833848179  -0.15368114067801472  -1.1536811406780147  0.8463188593219853
18.44500038793265  18.450000067840712  0.09895897611639135  0.009846786154091146  0.09333905159633195  0.5707369320419764  -0.4292630679580236  1.5707369320419764
18.450000067840712  18.45499918419506  0.09308965634442791  0.009550797221242946  0.09320160179223443  -0.011721057961268913  -1.011721057961269  0.9882789420387311
18.45499918419506  18.45999937211412  0.09502219665597912  0.009648042297722099  0.09306457897264778  0.20290309919075955  -0.7970969008092404  1.2029030991907597
18.45999937211412  18.46500063113752  0.09990028887743851  0.009891602557465573  0.09292800938212679  0.7048685442835017  -0.29513145571649835  1.7048685442835017
18.46500063113752  18.469999680775018  0.08033745574996266  0.008871787839438833  0.09279189053344784  -1.4038246866229114  -2.4038246866229116  -0.4038246866229114
18.469999680775018  18.474999797039445  0.06767933582565543  0.008147634579649791  0.09265619945616321  -3.065535571869175  -4.065535571869175  -2.065535571869175
18.474999797039445  18.479999337674094  0.09043603654735795  0.009428608585158271  0.09252088641806529  -0.22111956943351477  -1.2211195694335149  0.7788804305664853
18.479999337674094  18.484999942224704  0.08481150777788635  0.009145460083254472  0.0923858933348727  -0.828212630970333  -1.828212630970333  0.17178736902966696
18.484999942224704  18.489999966653702  0.10695113787705669  0.010291378040575911  0.09225115733619445  1.4283782485595709  0.42837824855957085  2.4283782485595706
18.489999966653702  18.494999407822792  0.10249592216198226  0.010099223299864955  0.09211662686707811  1.0277320331201045  0.027732033120104527  2.0277320331201043
18.494999407822792  18.499999907936836  0.09402869666320102  0.009698319549644882  0.09198225093510563  0.21101034231959348  -0.7889896576804065  1.2110103423195935
18.499999907936836  18.504999820284713  0.07541223033512803  0.008707854296835247  0.09184799853962826  -1.8874647696475115  -2.8874647696475115  -0.8874647696475115
18.504999820284713  18.51000078884555  0.08688754442758463  0.009369324872463412  0.09171387233668554  -0.5151201367011583  -1.5151201367011584  0.4848798632988417
18.51000078884555  18.514999517109448  0.07405665170667784  0.008667675473253854  0.09157987961367522  -2.021675587770839  -3.021675587770839  -1.0216755877708392
18.514999517109448  18.51999929706563  0.07225704711733343  0.008575333819410036  0.09144603959247483  -2.2376962669030616  -3.2376962669030616  -1.2376962669030616
18.51999929706563  18.525000128230513  0.09077205019480261  0.009621818077032164  0.09131241364035321  -0.05616022265485168  -1.0561602226548517  0.9438397773451483
18.525000128230513  18.53000035943253  0.08578495994079477  0.009359906486129679  0.09117908205256868  -0.5763008551172369  -1.5763008551172368  0.42369914488276306
18.53000035943253  18.53499998751243  0.07971969823207671  0.0090264783477118  0.0910460820892539  -1.2547954385830224  -2.2547954385830224  -0.25479543858302245
18.53499998751243  18.540000661776965  0.07056151501498847  0.0084946081801037  0.09091342067088681  -2.395861612966107  -3.395861612966107  -1.3958616129661068
18.540000661776965  18.545000728375143  0.08185746382658998  0.009151942679099264  0.09078106147710448  -0.9750495565158797  -1.9750495565158797  0.024950443484120344
18.545000728375143  18.55000018413981  0.10443217503578288  0.01034032615193904  0.09064894761236747  1.3329586727620533  0.33295867276205326  2.3329586727620533
18.55000018413981  18.555000681044813  0.07068228267160152  0.00850914689747023  0.0905170396708706  -2.330992429472096  -3.330992429472096  -1.3309924294720958
18.555000681044813  18.560000562557647  0.0911918146962717  0.009666313025198082  0.09038532571347856  0.08343294704928299  -0.9165670529507171  1.083432947049283
18.560000562557647  18.564999825503268  0.0809309901820236  0.009105447786375759  0.09025382074394522  -1.0238739247806272  -2.023873924780627  -0.02387392478062722
18.564999825503268  18.570000124524668  0.09520922610652863  0.009872736836513711  0.09012253494849519  0.515226045448778  -0.48477395455122196  1.515226045448778
18.570000124524668  18.574999800405784  0.08589193557428997  0.009371578484653668  0.0899914571488582  -0.43744195081771575  -1.4374419508177159  0.5625580491822842
18.574999800405784  18.580000509570514  0.08267080087192094  0.009185644541324549  0.08986055102562727  -0.7827159130054453  -1.7827159130054453  0.2172840869945547
18.580000509570514  18.585000591012744  0.0681942619192715  0.008331255086965745  0.08972978956798486  -2.5849079669167394  -3.5849079669167394  -1.5849079669167394
18.585000591012744  18.590000041544403  0.06691618950922076  0.008236813537345568  0.089599216176266  -2.7538594341368525  -3.7538594341368525  -1.7538594341368525
18.590000041544403  18.59500052026225  0.06658663708410513  0.00819624843798223  0.08946896711164797  -2.7918053241900096  -3.7918053241900096  -1.7918053241900096
18.59500052026225  18.600000363472894  0.0802682249845723  0.008974260374937534  0.08933916958457569  -1.0107735034450154  -2.0107735034450154  -0.010773503445015375
18.600000363472894  18.604999567980382  0.08881269271354121  0.009414126599400998  0.08920983997452946  -0.04218630977551443  -1.0421863097755144  0.9578136902244856
18.604999567980382  18.609999795556377  0.08539976718005415  0.009208893725953224  0.08908095508293626  -0.3997426848903136  -1.3997426848903136  0.6002573151096864
18.609999795556377  18.614999379818176  0.07022467030395464  0.008334135066944394  0.08895248392514796  -2.247121443408481  -3.247121443408481  -1.247121443408481
18.614999379818176  18.619999984322153  0.07889835017939674  0.008821103715685692  0.0888243492810574  -1.1252559114581362  -2.125255911458136  -0.1252559114581362
18.619999984322153  18.624999940891744  0.08859067945014244  0.00933827755081078  0.088696459634328  -0.011327590512275368  -1.0113275905122754  0.9886724094877246
18.624999940891744  18.62999924631799  0.09339516789006096  0.009582142044456104  0.08856877586106177  0.5036861284885219  -0.4963138715114781  1.503686128488522
18.62999924631799  18.63499956683583  0.0933153045805092  0.009573948241783507  0.08844131607796092  0.5090886622174088  -0.4909113377825912  1.5090886622174087
18.63499956683583  18.63999923157573  0.08148111023146468  0.008943713767695108  0.08831410593940997  -0.7639998199211423  -1.7639998199211422  0.2360001800788577
18.63999923157573  18.64499990855978  0.06771618889260121  0.008152071167552885  0.08818715650217601  -2.5111370090896603  -3.5111370090896603  -1.5111370090896603
18.64499990855978  18.649999925122124  0.08046923259820284  0.008886340157891326  0.08806045934772477  -0.8542579526151389  -1.8542579526151388  0.14574204738486107
18.649999925122124  18.65499927804082  0.1001072129118481  0.009912091089890919  0.08793400896193362  1.2281166344737897  0.22811663447378971  2.22811663447379
18.65499927804082  18.659999638020167  0.08638251935845327  0.009208407503912311  0.08780778236972982  -0.15477844683470027  -1.1547784468347002  0.8452215531652998
18.659999638020167  18.664999329697704  0.07068920823846211  0.008330803083687421  0.08768180427178654  -2.0397308473894555  -3.0397308473894555  -1.0397308473894555
18.664999329697704  18.670000025567305  0.07757587520341111  0.008727967859510499  0.08755609333501031  -1.1434755824317326  -2.1434755824317326  -0.14347558243173264
18.670000025567305  18.67500004846778  0.07955894913723117  0.00883988323747013  0.0874306610424662  -0.8904769094538191  -1.890476909453819  0.10952309054618092
18.67500004846778  18.679999395164195  0.07565846361162254  0.008622082127231045  0.08730551077601001  -1.3508392743792947  -2.350839274379295  -0.35083927437929474
18.679999395164195  18.68499974083625  0.09536221791804983  0.009682566226172837  0.0871806294270174  0.8449814129767445  -0.15501858702325555  1.8449814129767446
18.68499974083625  18.689999405622533  0.07673662094895056  0.008688711357835581  0.0870560053984729  -1.1876772083372524  -2.187677208337252  -0.18767720833725243
18.689999405622533  18.6950000664947  0.09846384095084487  0.009846384095084489  0.08693165520466371  1.171210226497081  0.17121022649708095  2.171210226497081
18.6950000664947  18.70000004179023  0.07589898813072052  0.008649492440080129  0.08680757780968491  -1.2611826363840757  -2.261182636384076  -0.2611826363840757
18.70000004179023  18.704999328261213  0.05725272374573353  0.0075176509265554034  0.08668382531216527  -3.9149332489580098  -4.914933248958009  -2.9149332489580098
18.704999328261213  18.709999605568715  0.07911509235762185  0.008845336227890828  0.08656034741131219  -0.8417153245361335  -1.8417153245361335  0.1582846754638665
18.709999605568715  18.714999189346415  0.08028380577261074  0.008920422863623415  0.08643713066638145  -0.6898019284336117  -1.6898019284336117  0.31019807156638834
18.714999189346415  18.719999761049703  0.07353754597948149  0.008548566079129764  0.08631418216174483  -1.4945940715666761  -2.4945940715666763  -0.4945940715666761
18.719999761049703  18.72499963450877  0.07176697107451625  0.00845781865200154  0.08619153265155449  -1.7054706621812792  -2.705470662181279  -0.7054706621812792
18.72499963450877  18.73000049297441  0.09304158217566981  0.009647962631746094  0.08606925761472754  0.7226732551803445  -0.27732674481965547  1.7226732551803445
18.73000049297441  18.73500064847224  0.0673618052426128  0.008229554317327652  0.08594745553649592  -2.2584030164003295  -3.2584030164003295  -1.2584030164003295
18.73500064847224  18.740000097736296  0.0597504309313006  0.007778843533580958  0.08582623064489799  -3.3521434903567866  -4.352143490356786  -2.3521434903567866
18.740000097736296  18.745000526711927  0.07883943154730684  0.008984587066881254  0.08570557768276107  -0.764213879206985  -1.764213879206985  0.23578612079301497
18.745000526711927  18.750000244715817  0.06864657006989147  0.00844980866052018  0.08558522670236826  -2.004620141473597  -3.004620141473597  -1.004620141473597
18.750000244715817  18.75499924847416  0.07959560458880606  0.009190908747131637  0.08546471797221955  -0.6385781368186429  -1.638578136818643  0.36142186318135705
18.75499924847416  18.759999226628793  0.08359954700628976  0.009527052568601381  0.08534365452643883  -0.1830689510307927  -1.1830689510307928  0.8169310489692073
18.759999226628793  18.765000178606062  0.0677395827172501  0.008673164819073025  0.08522183435336458  -2.0156715571309727  -3.0156715571309727  -1.0156715571309727
18.765000178606062  18.770000410108064  0.08490580664923275  0.009804078064939369  0.08509924722624863  -0.019730623903093814  -1.0197306239030939  0.9802693760969062
18.770000410108064  18.774999917850785  0.07340456883153106  0.009175571103941382  0.08497610488994106  -1.2611243406352592  -2.2611243406352592  -0.26112434063525924
18.774999917850785  18.78000039407549  0.0875996837398807  0.010048372866006924  0.08485298923178423  0.27334719209996444  -0.7266528079000356  1.2733471920999644
18.78000039407549  18.785000141770247  0.0677975665599317  0.008826491357587429  0.08473077574209699  -1.9184530405288578  -2.918453040528858  -0.9184530405288578
18.785000141770247  18.789999157643226  0.07517729727856337  0.009253685609814899  0.0846101611194648  -1.0193629045378936  -2.0193629045378936  -0.019362904537893577
18.789999157643226  18.795000834874905  0.07545459839422196  0.009218246359950258  0.0844912213023561  -0.9802973966279318  -1.9802973966279318  0.019702603372068195
18.795000834874905  18.80000007816565  0.08907261822012029  0.009958621463703765  0.08437353387145972  0.4718609263126773  -0.5281390736873227  1.4718609263126772
18.80000007816565  18.80500028159521  0.07273171714441733  0.008952655504793424  0.08425658330686761  -1.2873125919208723  -2.2873125919208723  -0.28731259192087233
18.80500028159521  18.809999743623877  0.07863857086938321  0.009267644454093293  0.08414005544858313  -0.5936227491733417  -1.5936227491733417  0.4063772508266583
18.809999743623877  18.815000162800608  0.08780059671912653  0.009755621857680726  0.0840238417714695  0.38713625873921526  -0.6128637412607847  1.3871362587392153
18.815000162800608  18.819999835773103  0.08293949464105274  0.009451832620565422  0.08390784160183581  -0.10245070978892863  -1.1024507097889287  0.8975492902110713
18.819999835773103  18.825000462894796  0.08249753794458992  0.009401466980666321  0.08379198396602341  -0.13768553610787213  -1.1376855361078722  0.8623144638921278
18.825000462894796  18.830000338999746  0.09383968086209619  0.010003343591190388  0.08367629971207861  1.0159984066695593  0.015998406669559317  2.015998406669559
18.830000338999746  18.834999460773012  0.09451077439261263  0.010018122049392876  0.08356084958447807  1.0930117195765403  0.09301171957654031  2.0930117195765403
18.834999460773012  18.839999531276145  0.104759734577732  0.010528749476713868  0.08344565844740005  2.0243691976403904  1.0243691976403904  3.0243691976403904
18.839999531276145  18.84500054990595  0.07492054152693081  0.00889143245061124  0.08333068543071662  -0.9458705276681991  -1.9458705276681991  0.054129472331800876
18.84500054990595  18.85000080786643  0.08317965063573012  0.00935844185335136  0.08321588160682479  -0.0038714747243629435  -1.0038714747243629  0.9961285252756371
18.85000080786643  18.85500030183245  0.07356617145715964  0.008792839280479648  0.08310122859639159  -1.0844116257646186  -2.0844116257646186  -0.08441162576461858
18.85500030183245  18.860000738480405  0.07658331009172922  0.008963398469212992  0.0829867531996126  -0.7143990228569649  -1.714399022856965  0.2856009771430351
18.860000738480405  18.86500040628873  0.07854738125442522  0.009069870342276513  0.08287251802639516  -0.4768686440653518  -1.4768686440653518  0.5231313559346482
18.86500040628873  18.86999930192451  0.07424919256339899  0.008811757986994535  0.08275853980723206  -0.9656809976388611  -1.9656809976388612  0.03431900236113894
18.86999930192451  18.87500084750255  0.07416230076609379  0.008801445827865607  0.08264476408001738  -0.9637579415722688  -1.9637579415722688  0.036242058427731205
18.87500084750255  18.87999990423052  0.06886770088107445  0.008477027981770162  0.0825311474255831  -1.6118203896332381  -2.6118203896332384  -0.6118203896332381
18.87999990423052  18.884999895126306  0.07921426536980954  0.009086499411416142  0.08241772343374132  -0.3525513972858456  -1.3525513972858456  0.6474486027141544
18.884999895126306  18.890000819570115  0.07912412048277027  0.009076159083708747  0.08230454532118675  -0.35041528129725946  -1.3504152812972594  0.6495847187027406
18.890000819570115  18.89499924422681  0.07488265175218925  0.008825005141200619  0.08219160589688432  -0.8282096188898884  -1.8282096188898884  0.17179038111011158
18.89499924422681  18.900000314818996  0.08000968480714718  0.009117949802976429  0.08207884765727583  -0.22693290650198505  -1.2269329065019852  0.7730670934980149
18.900000314818996  18.905000597099104  0.06851400961513454  0.008433491596499251  0.08196624896211688  -1.595097261087729  -2.595097261087729  -0.595097261087729
18.905000597099104  18.91000008771387  0.055990657494480435  0.00761936340135644  0.08185382904731303  -3.394400580529904  -4.394400580529904  -2.394400580529904
18.91000008771387  18.91500050329958  0.07454128671132687  0.008784774885324986  0.08174157589487988  -0.8196327484249045  -1.8196327484249046  0.18036725157509548
18.91500050329958  18.92000012232382  0.07543231577753855  0.008828684774263891  0.0816295193603004  -0.7019396140212238  -1.701939614021224  0.29806038597877615
18.92000012232382  18.92500066323696  0.08762840287130962  0.00950463477639542  0.08151766275987302  0.6429221380091859  -0.35707786199081415  1.6429221380091859
18.92500066323696  18.930000402683344  0.05859787898143238  0.007761478676628882  0.08140599189941178  -2.938629849832412  -3.938629849832412  -1.9386298498324122
18.930000402683344  18.934999337296876  0.07991620561366566  0.009048728427233105  0.08129452301840294  -0.15232166771511144  -1.1523216677151114  0.8476783322848885
18.934999337296876  18.939999188250404  0.08368531846090459  0.009241497427697223  0.08118330650312211  0.27073663952811683  -0.7292633604718832  1.2707366395281168
18.939999188250404  18.94499995490389  0.07012377130328326  0.008441910029937138  0.08107241453443485  -1.2969391041038039  -2.296939104103804  -0.29693910410380386
18.94499995490389  18.949999910252508  0.07389893408714357  0.008649216022130519  0.08096189807130673  -0.81660163951176  -1.81660163951176  0.18339836048824
18.949999910252508  18.9550007781946  0.08376054408925808  0.009193914138291246  0.08085173668710156  0.31638400776898484  -0.6836159922310152  1.3163840077689848
18.9550007781946  18.96000082989909  0.08762006715476638  0.00939385722999544  0.08074187475124892  0.7322010793984352  -0.26779892060156485  1.7322010793984353
18.96000082989909  18.965000061984657  0.06541020310763301  0.00811313718188148  0.08063229341755007  -1.8762274036129356  -2.8762274036129356  -0.8762274036129356
18.965000061984657  18.970000201076616  0.07651339505741753  0.008776688339012829  0.08052298487535497  -0.45684541401733575  -1.4568454140173357  0.5431545859826643
18.970000201076616  18.9749995156026  0.0715977736853772  0.00849709245773202  0.08041390425460154  -1.037546738849711  -2.037546738849711  -0.03754673884971105
18.9749995156026  18.979999734007198  0.08695934058574278  0.00937706685130296  0.08030499015989626  0.7096409283807008  -0.2903590716192992  1.7096409283807008
18.979999734007198  18.985000855636063  0.07814511720294474  0.008905462603953553  0.08019630659570813  -0.23032934772560473  -1.2303293477256048  0.7696706522743952
18.985000855636063  18.989999412514752  0.07340683078869398  0.008651077972683158  0.08008782291901391  -0.7722727909072109  -1.772272790907211  0.2277272090927891
18.989999412514752  18.995000602224614  0.05842241238875126  0.007738237558669872  0.07997947956704039  -2.785785137099692  -3.785785137099692  -1.7857851370996922
18.995000602224614  18.99999922038857  0.08350580846142117  0.009278423162380129  0.07987137617927828  0.3917079678882168  -0.6082920321117832  1.391707967888217
18.99999922038857  19.005000470061844  0.09863031995474063  0.010119257313279627  0.07976379960247953  1.8644174931200073  0.8644174931200073  2.8644174931200075
