# Plot Type : plot_unfold 
# 
# X-axis    : \frWavelength (\A) 
# Y-Axis    : \frPhotons cm\u-2\d s\u-1\d \A\u-1\d 
# Residual  : \fr\gx 
# 
# Combined data comprised of data indices: 
# 
# Index-   1,  Model Plotted-      yes,  Data File: tgcat/obs_11072_tgid_4289/pha2.gz/part=2/order=-1,   Scale: 1.0000e+00 
# Index-   2,  Model Plotted-      yes,  Data File: tgcat/obs_11072_tgid_4289/pha2.gz/part=2/order=1,   Scale: 1.0000e+00 
# 
# Background included in data and model-    no 
# 
# XAXIS_COLS   :   1 set  (X 2 columns - bin_lo, bin_hi)
# DATA_COLS    :   1 set  (X 2 columns - Data, Error)
# MODEL_COLS   :   1 set  (X 1 column  - Value) 
# RESIDUAL_COLS:   1 set  (X 3 columns - Mean, Mean-1Sigma, Mean+1Sigma)
# 
#         X_LO          X_HI    DATA_VALUE    DATA_ERROR   MODEL_VALUE     RES_VALUE   RES_VAL-ERR   RES_VAL+ERR
15.99500016954246  16.000000189594406  0.016709489079440264  0.001742084662296288  0.01876311166355783  -1.1788305290574292  -2.1788305290574295  -0.17883052905742924
16.000000189594406  16.004999642203746  0.019244423842648146  0.001882404027246945  0.01874564405199274  0.26496957265060833  -0.7350304273493917  1.2649695726506083
16.004999642203746  16.00999975561844  0.017954296792222563  0.0018319406179708997  0.018728194075317943  -0.4224467078810474  -1.4224467078810474  0.5775532921189526
16.00999975561844  16.015000528148228  0.01467470778419961  0.001648358773770196  0.01871076493663096  -2.448530754745771  -3.448530754745771  -1.448530754745771
16.015000528148228  16.0199994905336  0.021163150544976157  0.001986335230844973  0.01869335536011936  1.243392931114736  0.24339293111473603  2.243392931114736
16.0199994905336  16.02500034011712  0.01865779972941425  0.0018885106742881168  0.01867596343484231  -0.009618005169552968  -1.009618005169553  0.9903819948304471
16.02500034011712  16.03000060686211  0.019202117524540582  0.0019281698362547223  0.01865859053589349  0.2818875072243859  -0.7181124927756142  1.2818875072243858
16.03000060686211  16.035000286753693  0.020212243309506484  0.0019627230498806803  0.018641238683798727  0.8004209385543527  -0.1995790614456473  1.8004209385543528
16.035000286753693  16.040000612638483  0.021130469500612245  0.0020009720931672805  0.018623907171808084  1.2526723073066939  0.2526723073066939  2.252672307306694
16.040000612638483  16.045000345169726  0.020493929668638482  0.001969698242467735  0.018606602086315826  0.9581810764871873  -0.04181892351281269  1.9581810764871874
16.045000345169726  16.049999480320416  0.017534176056336476  0.0018255244666663764  0.018589329252457126  -0.5780000297927994  -1.5780000297927994  0.4219999702072006
16.049999480320416  16.05500049241931  0.01953644861407411  0.001943451105386626  0.01857209042144677  0.49620913536463385  -0.5037908646353662  1.4962091353646338
16.05500049241931  16.05999966220626  0.024411156276256906  0.002168037979685469  0.018554877872987267  2.701188105625  1.701188105625  3.701188105625
16.05999966220626  16.064999464774587  0.018721904177888753  0.0019102623236177336  0.01853768420237395  0.09643700408953201  -0.903562995910468  1.096437004089532
16.064999464774587  16.069999898397903  0.018837183908715676  0.0019147703597493675  0.01852051181359519  0.16538385060542388  -0.8346161493945761  1.165383850605424
16.069999898397903  16.074999719077653  0.020828519632475943  0.002015634221545954  0.018503365552246052  1.1535595374276493  0.15355953742764927  2.1535595374276495
16.074999719077653  16.080000165805217  0.02032440914398991  0.0019950699588085568  0.018486241554843554  0.9213549535095485  -0.07864504649045145  1.9213549535095487
16.080000165805217  16.08499999302945  0.01753835727958709  0.001853677105700068  0.01846913152669207  -0.5021231822105611  -1.502123182210561  0.49787681778943893
16.08499999302945  16.090000441280388  0.019441933568535928  0.0019441933568535926  0.01845202943602945  0.5091593019886147  -0.4908406980113853  1.5091593019886147
16.090000441280388  16.095000263453315  0.016472104412943292  0.001802426018020767  0.018434934489761873  -1.088993421751619  -2.088993421751619  -0.08899342175161906
16.095000263453315  16.099999455481544  0.01879892206452402  0.0019309317973371155  0.01841784907784982  0.19735186255657802  -0.802648137443422  1.197351862556578
16.099999455481544  16.105000507114895  0.017797622358101266  0.0018656977647700547  0.018400771893297054  -0.32328362427454943  -1.3232836242745494  0.6767163757254506
16.105000507114895  16.109999675869688  0.02065588181468627  0.0020204665742256838  0.018383697841201894  1.1245837978562745  0.12458379785627449  2.1245837978562747
16.109999675869688  16.114999452262715  0.01954658726744845  0.0019813069836939925  0.018366627749815883  0.5955460346849557  -0.4044539653150443  1.5955460346849557
16.114999452262715  16.119999834535122  0.019164553092521127  0.001943302538336066  0.01834957011961117  0.4193803881961581  -0.5806196118038419  1.4193803881961582
16.119999834535122  16.12499957091595  0.01671998006894556  0.0018266250986385586  0.018332532250493045  -0.882804130277947  -1.882804130277947  0.11719586972205298
16.12499957091595  16.129999908099272  0.017801074299388153  0.0018737326666231915  0.01831551884588142  -0.27455600025396903  -1.274556000253969  0.7254439997460309
16.129999908099272  16.13499959275674  0.017852113416864407  0.0018714099798338869  0.018298535445587155  -0.23854849206392206  -1.238548492063922  0.761451507936078
16.13499959275674  16.139999873125866  0.017367103122561758  0.001856429483390527  0.018281582222376993  -0.4926010430221435  -1.4926010430221435  0.5073989569778565
16.139999873125866  16.144999494319972  0.016050542334871055  0.001801941589301626  0.01826465044012262  -1.2287346706447255  -2.2287346706447257  -0.22873467064472552
16.144999494319972  16.14999970612095  0.02052464140972719  0.002017302217015418  0.018247736843915285  1.128687881571144  0.12868788157114408  2.1286878815711443
16.14999970612095  16.155000506747694  0.017141395533910166  0.00185071200096073  0.01823085041395079  -0.5886679718265568  -1.5886679718265568  0.41133202817344316
16.155000506747694  16.15999938353289  0.016949853936562332  0.001840789134899767  0.018213998412420322  -0.6867405135606822  -1.6867405135606823  0.3132594864393178
16.15999938353289  16.16500009868345  0.017548765428256115  0.001872993050961979  0.01819717702598136  -0.34619007122969153  -1.3461900712296915  0.6538099287703085
16.16500009868345  16.170000138748165  0.018595198623758094  0.0019228907424375127  0.018180378312562424  0.2157274472442638  -0.7842725527557362  1.2157274472442638
16.170000138748165  16.174999499601164  0.019792730433685995  0.0019840725114266206  0.018163600251499434  0.8211041546133583  -0.17889584538664172  1.8211041546133582
16.174999499601164  16.179999435663305  0.017543140912107884  0.0018801998619437735  0.018146845470942873  -0.32108531175556504  -1.321085311755565  0.678914688244435
16.179999435663305  16.184999945133946  0.020467757888222787  0.0020142476211176753  0.01813011804557433  1.1605523661243473  0.1605523661243473  2.1605523661243473
16.184999945133946  16.189999766102382  0.01866208817764523  0.0019298076697711751  0.01811341636171401  0.28431424774898806  -0.7156857522510119  1.2843142477489882
16.189999766102382  16.195000155312542  0.01962263129564882  0.0019843867074481763  0.018096738151679597  0.7689494886465185  -0.23105051135348154  1.7689494886465185
16.195000155312542  16.199999849290062  0.018903114922592446  0.0019443647782525957  0.018080079904291738  0.42329249506379635  -0.5767075049362036  1.4232924950637964
16.199999849290062  16.205000106328573  0.017388784327992596  0.0018615331704489486  0.018063444959022706  -0.36242203025982206  -1.362422030259822  0.637577969740178
16.205000106328573  16.20999966138913  0.019641032324945466  0.0019936971343788336  0.018046835450161912  0.799618380993585  -0.20038161900641505  1.7996183809935848
16.20999966138913  16.21499977431599  0.018075439796822683  0.0019153831576545733  0.018030251164367204  0.02359247666707786  -0.9764075233329221  1.0235924766670779
16.21499977431599  16.220000443286203  0.016955617371729986  0.0018523679937340436  0.018013694241685512  -0.5712023062019287  -1.5712023062019287  0.4287976937980713
16.220000443286203  16.225000400912464  0.022906134490921683  0.0021543711170716813  0.01799715984103022  2.2786114291041755  1.2786114291041755  3.2786114291041755
16.225000400912464  16.22999964302566  0.01885080143047296  0.0019493221142013897  0.01798064587178596  0.4463887996486881  -0.5536112003513118  1.4463887996486882
16.22999964302566  16.234999432574245  0.021475314982717406  0.0020808070008246516  0.01796415498994677  1.6874030082458955  0.6874030082458955  2.6874030082458953
16.234999432574245  16.239999767722214  0.016955086784633533  0.001847134497900256  0.0179476896816371  -0.5373744565606435  -1.5373744565606435  0.46262554343935647
16.239999767722214  16.24499937794743  0.019436151778038414  0.0019935397682547032  0.01793124919698071  0.7548896716393124  -0.24511032836068758  1.7548896716393125
16.24499937794743  16.249999528529276  0.021423743094331003  0.002078351438130712  0.01791483148600915  1.6883148556809062  0.6883148556809062  2.6883148556809062
16.249999528529276  16.25500021762244  0.018092911874072103  0.0019280852071444732  0.017898434377412776  0.10086561316828414  -0.8991343868317159  1.1008656131682841
16.25500021762244  16.260000172351383  0.020235971063940022  0.0020285040365384203  0.017882058893875077  1.1604177894966496  0.16041778949664964  2.1604177894966496
16.260000172351383  16.264999388519577  0.019411889382512915  0.0019938927704521154  0.017865709402336092  0.7754579399102933  -0.22454206008970667  1.7754579399102934
16.264999388519577  16.2700004071085  0.018081380350596706  0.0019218339207269523  0.017849386020084554  0.12071507741126562  -0.8792849225887344  1.1207150774112655
16.2700004071085  16.274999408486305  0.016496284135726104  0.0018603788008380395  0.017833084513533198  -0.7185635405030991  -1.7185635405030992  0.2814364594969009
16.274999408486305  16.28000020856533  0.014448090560478414  0.0017294586498463758  0.017816804322099127  -1.94784290559358  -2.94784290559358  -0.94784290559358
16.28000020856533  16.285000257951552  0.0180310119702338  0.0019405533710202974  0.017800547766878068  0.11876210507653177  -0.8812378949234683  1.1187621050765317
16.285000257951552  16.28999955242895  0.01526637267367656  0.0017859924639261249  0.01778431509759911  -1.40982813465371  -2.40982813465371  -0.40982813465371004
16.28999955242895  16.29499936428225  0.016927160269194767  0.0018800915698436692  0.01776810730468245  -0.44729046657956556  -1.4472904665795656  0.5527095334204344
16.29499936428225  16.299999691637236  0.02023082265856142  0.0020535648094408164  0.017751927549552335  1.207118030856832  0.2071180308568319  2.207118030856832
16.299999691637236  16.305000532616905  0.020582051558210256  0.0020631960054771077  0.01773577628532915  1.3795467155448051  0.3795467155448051  2.379546715544805
16.305000532616905  16.310000606485012  0.020682042150164524  0.002065562402564585  0.01771965603540447  1.4341789485914254  0.43417894859142536  2.434178948591425
16.310000606485012  16.31499990900607  0.01903582248936303  0.001989845174150595  0.017703575090654646  0.669523144823103  -0.33047685517689696  1.6695231448231032
16.31499990900607  16.319999716365245  0.021560548202814785  0.0021191182258118767  0.017687542609301464  1.8276496074349486  0.8276496074349486  2.8276496074349486
16.319999716365245  16.325000026672466  0.014690008366131482  0.0017675941110381528  0.017671559996903445  -1.686785225269179  -2.686785225269179  -0.6867852252691791
16.325000026672466  16.32999955604027  0.01795132212066783  0.0019411843916990656  0.017655616132611372  0.152332766181802  -0.847667233818198  1.152332766181802
16.32999955604027  16.33499958299702  0.01691795589034791  0.001894002420963208  0.017639696431799447  -0.3810663246589167  -1.3810663246589168  0.6189336753410832
16.33499958299702  16.3400001056433  0.018594198087877434  0.0019928477180383318  0.017623794470106823  0.48694318636941825  -0.5130568136305818  1.4869431863694182
16.3400001056433  16.344999837726025  0.01524835147822619  0.001793838115539937  0.017607910827804125  -1.3153691680075148  -2.315369168007515  -0.3153691680075148
16.344999837726025  16.350000060119005  0.020867875155412732  0.002110315083608492  0.017592045921393157  1.552293901258638  0.5522939012586381  2.552293901258638
16.350000060119005  16.354999484990632  0.02019005579419662  0.0020686697096632956  0.017576199352697507  1.2635446003241149  0.26354460032411486  2.263544600324115
16.354999484990632  16.359999394779276  0.018816462363472945  0.001994541021450078  0.017560371160040358  0.6297645372665123  -0.37023546273348773  1.6297645372665124
16.359999394779276  16.36499978756964  0.018967267170241442  0.0020159930671475403  0.017544560491192157  0.7057101049768447  -0.2942898950231553  1.7057101049768448
16.36499978756964  16.369999373160937  0.020439016966010064  0.0020993942094265114  0.01752876860436664  1.3862324419949759  0.38623244199497586  2.386232441994976
16.369999373160937  16.374999436340538  0.02015442277268579  0.0020759438374443107  0.017512998393456297  1.272396840215746  0.27239684021574595  2.272396840215746
16.374999436340538  16.37999997518379  0.015444832270065918  0.0018262823370784867  0.017497249215504895  -1.1238223705991912  -2.123822370599191  -0.12382237059919121
16.37999997518379  16.3849996971185  0.016796714385951886  0.0018987323192445429  0.017481516861675612  -0.36066299013448605  -1.360662990134486  0.639337009865514
16.3849996971185  16.389999889283256  0.016970828558620258  0.0019152026940778574  0.017465799717104623  -0.258443223798139  -1.2584432237981389  0.741556776201861
16.389999889283256  16.395000549744065  0.018951962062476114  0.002039668873189148  0.017450103958210172  0.7363244710979455  -0.2636755289020545  1.7363244710979455
16.395000549744065  16.400000383555085  0.018470316474084  0.0019973063512587668  0.017434437304157818  0.5186380993948881  -0.48136190060511186  1.518638099394888
16.400000383555085  16.404999386410935  0.021086491774872533  0.002127280559892081  0.017418805143740525  1.7241198459116607  0.7241198459116607  2.7241198459116607
16.404999386410935  16.41000014317421  0.019171933771012898  0.002029301531647178  0.01740319634936392  0.8715991162798262  -0.12840088372017378  1.8715991162798262
16.41000014317421  16.415000063514576  0.014375553634371279  0.0017722902794636893  0.01738759391924077  -1.6995185945391313  -2.699518594539131  -0.6995185945391313
16.415000063514576  16.420000439279544  0.018127841384838413  0.0019748976587218763  0.017371982692048323  0.382733094776805  -0.6172669052231949  1.382733094776805
16.420000439279544  16.424999971562315  0.018085029201572254  0.001978917024207132  0.017356352544498552  0.36821991430674106  -0.6317800856932589  1.368219914306741
16.424999971562315  16.42999995378176  0.02002203301828194  0.0020815948894019457  0.01734069793480633  1.288115712200837  0.2881157122008371  2.2881157122008373
16.42999995378176  16.435000383978593  0.01547943333172336  0.0018397836726276816  0.017325022123286668  -1.0031553269126119  -2.003155326912612  -0.003155326912611889
16.435000383978593  16.439999960866714  0.01703572190719984  0.0019225261005932483  0.017309337171575793  -0.14232070206564285  -1.1423207020656427  0.8576792979343572
16.439999960866714  16.444999980224107  0.01553049560588494  0.0018364116433995862  0.017293658574734524  -0.9601131506580933  -1.9601131506580933  0.03988684934190667
16.444999980224107  16.450000440082125  0.016908016278052326  0.0019260598092684525  0.017277999955516304  -0.19209355580941467  -1.1920935558094148  0.8079064441905853
16.450000440082125  16.455000036773168  0.019931795019755314  0.002080476306037603  0.017262368833795363  1.2830841563603474  0.28308415636034745  2.2830841563603474
16.455000036773168  16.46000006843652  0.01952934853574373  0.002052678420781119  0.01724676589557404  1.112002063772407  0.11200206377240707  2.1120020637724073
16.46000006843652  16.465000533094173  0.015718113003135872  0.001836438079338121  0.01723118968402145  -0.8239192477597235  -1.8239192477597235  0.17608075224027653
16.465000533094173  16.470000124694852  0.020007434787334973  0.0020852923091168765  0.017215638321949247  1.3388034153197723  0.3388034153197723  2.3388034153197723
16.470000124694852  16.475000143741322  0.018441531060418414  0.0020081125485288576  0.01720011082613484  0.6182025181771005  -0.3817974818228995  1.6182025181771005
16.475000143741322  16.48000058824619  0.01751721926174354  0.0019401532625273445  0.017184607521882958  0.1714358067915242  -0.8285641932084757  1.1714358067915243
16.48000058824619  16.485000149772368  0.016756346427001252  0.0018852362628744123  0.017169130407499837  -0.21895610042489558  -1.2189561004248957  0.7810438995751044
16.485000149772368  16.490000131188246  0.012610957878908337  0.001648478547263649  0.017153684040752883  -2.7557083890385656  -3.7557083890385656  -1.7557083890385656
16.490000131188246  16.49500053049705  0.0172699133575782  0.0019476253220667501  0.017138270696363176  0.06759136869063338  -0.9324086313093666  1.0675913686906333
16.49500053049705  16.500000036873733  0.014573381489788022  0.0017639507264032026  0.017122884711966886  -1.4453369836341452  -2.445336983634145  -0.4453369836341452
16.500000036873733  16.50499995555445  0.016339607945379385  0.0018620711405799154  0.017107517389176794  -0.4123953306951808  -1.4123953306951809  0.5876046693048191
16.50499995555445  16.510000284533053  0.018011718586970413  0.0019622469168731776  0.017092164304332514  0.46862312521973565  -0.5313768747802643  1.4686231252197357
16.510000284533053  16.51499971059438  0.018735241421382245  0.002019591150539598  0.017076824610564666  0.8211646255107021  -0.17883537448929787  1.8211646255107021
16.51499971059438  16.51999954134452  0.01583558772257874  0.0018560874548090589  0.017061497478856307  -0.6604806002547328  -1.6604806002547328  0.33951939974526724
16.51999954134452  16.52499977476792  0.015275699893726593  0.001819042460364426  0.017046177022401705  -0.9733017052941222  -1.9733017052941222  0.026698294705877812
16.52499977476792  16.530000408846213  0.01851418251074196  0.0020246391542424556  0.017030844502915886  0.7326431501227606  -0.2673568498772394  1.7326431501227606
16.530000408846213  16.535000127174243  0.02010091253259838  0.0020815030775813404  0.017015471993159323  1.482313705259696  0.48231370525969597  2.482313705259696
16.535000127174243  16.540000240521643  0.0196543010566416  0.0020658118711990524  0.017000054865424538  1.2848440984495206  0.28484409844952063  2.2848440984495206
16.540000240521643  16.544999430886502  0.019151072598955786  0.002030009635474102  0.016984607675626897  1.0672190345652808  0.06721903456528078  2.067219034565281
16.544999430886502  16.550000327390865  0.017246198951897315  0.001951967170236991  0.016969157747609695  0.14192923349934372  -0.8580707665006563  1.1419292334993436
16.550000327390865  16.555000295256974  0.016089075410637883  0.001876410694015434  0.016953719233877052  -0.460796682728808  -1.460796682728808  0.539203317271192
16.555000295256974  16.56000064842182  0.016983849452486825  0.0019289931818675678  0.016938297981822375  0.023614116987365295  -0.9763858830126347  1.0236141169873654
16.56000064842182  16.565000065687673  0.01874875503522271  0.0020274156278373904  0.016922895823872058  0.9005845601073234  -0.09941543989267665  1.9005845601073235
16.565000065687673  16.569999862576367  0.01856525551535038  0.0020194127422973364  0.01690751399161003  0.8209027748604074  -0.1790972251395926  1.8209027748604074
16.569999862576367  16.575000037041338  0.017946526410641036  0.0020111973738574426  0.016892152083615837  0.5242520404662867  -0.4757479595337133  1.5242520404662867
16.575000037041338  16.580000587033204  0.017541252743352855  0.0019670919127057103  0.016876812554993653  0.3377779065978026  -0.6622220934021974  1.3377779065978026
16.580000587033204  16.585000188154655  0.016316693361920154  0.001893494414505036  0.016861493410280703  -0.28772202557722343  -1.2877220255772235  0.7122779744227765
16.585000188154655  16.59000015910065  0.018860318319483163  0.0020482694907137462  0.0168461947579458  0.9833293766610337  -0.016670623338966295  1.9833293766610338
16.59000015910065  16.595000497812403  0.016100087157437434  0.0018905944020421598  0.016830917434848738  -0.3865611135957468  -1.3865611135957467  0.6134388864042533
16.595000497812403  16.599999877490223  0.01601783294839661  0.0018747455438763174  0.016815661605986455  -0.4255663709647838  -1.4255663709647837  0.5744336290352162
16.599999877490223  16.604999619211274  0.018134065208167117  0.0020084732414073748  0.01680042719215675  0.6640058670016751  -0.3359941329983249  1.664005867001675
16.604999619211274  16.609999720907357  0.016898708811154805  0.0019351492384064239  0.016785214965266092  0.058648627008309355  -0.9413513729916907  1.0586486270083093
16.609999720907357  16.61500018050744  0.01775481874067699  0.0019910414180996172  0.016770025293668764  0.49461223561495715  -0.5053877643850428  1.4946122356149572
16.61500018050744  16.61999966800557  0.015521049940530444  0.0018713429171715872  0.016754857755766732  -0.6593167953958471  -1.659316795395847  0.3406832046041529
16.61999966800557  16.62499950765872  0.0174846574276656  0.0019917473547505704  0.016739712884703942  0.3740155804323631  -0.625984419567637  1.374015580432363
16.62499950765872  16.629999697386467  0.015685611406304468  0.0018713571847418788  0.016724593034039347  -0.5552022009513856  -1.5552022009513857  0.4447977990486144
16.629999697386467  16.635000235105515  0.016658688897615886  0.001948877694314686  0.016709503233021505  -0.0260736400000144  -1.0260736400000143  0.9739263599999856
16.635000235105515  16.639999787599738  0.019581025575521396  0.0020873443398393456  0.01669445380425654  1.382891991594938  0.38289199159493803  2.382891991594938
16.639999787599738  16.644999682309845  0.01733248894750085  0.0019719364539841438  0.01667945866076396  0.3311619324332145  -0.6688380675667855  1.3311619324332145
16.644999682309845  16.649999917143152  0.01825784607895951  0.0020254448379135683  0.016664525076303404  0.7866523801741265  -0.21334761982587347  1.7866523801741265
16.649999917143152  16.65500049000412  0.020361502467635597  0.0021344654289698318  0.016649646330846823  1.7390097241257487  0.7390097241257487  2.739009724125749
16.65500049000412  16.660000064462555  0.018832067185592646  0.00207889182182626  0.016634808569191525  1.056937447794122  0.05693744779412202  2.0569374477941222
16.660000064462555  16.664999971146788  0.018306071049767156  0.0020400737257802175  0.01661999879958571  0.8264761360703339  -0.17352386392966612  1.8264761360703339
16.664999971146788  16.670000207951873  0.020422321410279935  0.0021496438985165616  0.016605212377127018  1.7756936559525265  0.7756936559525265  2.7756936559525265
16.670000207951873  16.674999436034458  0.01865726975161423  0.0020571360173567404  0.016590447236015122  1.0047087300794098  0.004708730079409751  2.0047087300794098
16.674999436034458  16.680000325953113  0.019369996257548358  0.0020978096770391612  0.01657570305867339  1.3320051048762547  0.3320051048762547  2.332005104876255
16.680000325953113  16.68500020132096  0.019293895357960607  0.0021078203063659147  0.01656097990934217  1.2965599773209544  0.2965599773209544  2.296559977320954
16.68500020132096  16.690000396756353  0.01802637459638317  0.002034323844130362  0.0165462768050318  0.7275625243354933  -0.2724374756645067  1.7275625243354933
16.690000396756353  16.694999570195165  0.019822004337001452  0.002163939104136792  0.016531593344708318  1.5205654290376616  0.5205654290376616  2.520565429037662
16.694999570195165  16.70000039859976  0.014736343589119835  0.0018383511516433253  0.01651693012158692  -0.96857802758488  -1.96857802758488  0.031421972415120014
16.70000039859976  16.705000199153034  0.018582801259838525  0.002070913245505641  0.016502287151906308  1.0046360524504876  0.004636052450487593  2.0046360524504876
16.705000199153034  16.71000030966957  0.017760238798618898  0.0020206020280491765  0.016487663456642425  0.629800091413895  -0.37019990858610496  1.629800091413895
16.71000030966957  16.714999384860683  0.013673682601958002  0.0017762880074324722  0.016473058877421946  -1.5759698110613776  -2.575969811061378  -0.5759698110613776
16.714999384860683  16.72000010810012  0.016506951513389104  0.001945362891972496  0.016458474299069766  0.024919368267678176  -0.9750806317323218  1.0249193682676783
16.72000010810012  16.72499979013296  0.01969608989178497  0.002133126253683232  0.016443909552561836  1.5246075255075278  0.5246075255075278  2.5246075255075278
16.72499979013296  16.729999771973816  0.014613376166638756  0.001848131216359198  0.016429363524419933  -0.982607372088362  -1.9826073720883621  0.01739262791163798
16.729999771973816  16.73500005147809  0.01492944585451506  0.0018624405582065892  0.01641483514633369  -0.7975499058337548  -1.7975499058337547  0.20245009416624515
16.73500005147809  16.74000062649833  0.01605735191591346  0.0019669493646753255  0.01640032107615833  -0.17436603422756763  -1.1743660342275677  0.8256339657724323
16.74000062649833  16.74500014690203  0.014699203520796582  0.0018589856185181053  0.01638581702626562  -0.907276252526107  -1.907276252526107  0.092723747473893
16.74500014690203  16.749999956907814  0.017626961328128212  0.0020219511345002735  0.016371303415362574  0.621012986585343  -0.378987013414657  1.621012986585343
16.749999956907814  16.755000054358813  0.016791179199415324  0.001995689186272286  0.016356747349093117  0.21768512517406288  -0.7823148748259371  1.2176851251740628
16.755000054358813  16.76000043709529  0.016998158959681427  0.001989484024863299  0.016342120042758274  0.32975329719887103  -0.670246702801129  1.329753297198871
16.76000043709529  16.764999751750576  0.019248163139777272  0.002131867276152393  0.016327423317334583  1.3700383016873625  0.3700383016873625  2.3700383016873623
16.764999751750576  16.76999934575105  0.01583663212139596  0.0019310504633815646  0.016312688331475506  -0.2465270686121273  -1.2465270686121273  0.7534729313878727
16.76999934575105  16.775000569743955  0.015633279924389107  0.0019487327076618838  0.016297947391313957  -0.3410767748247679  -1.3410767748247678  0.6589232251752322
16.775000569743955  16.77999936310806  0.01665993936388866  0.002004628562046794  0.016283216818276287  0.18792635840114408  -0.8120736415988559  1.1879263584011441
16.77999936310806  16.784999782117715  0.016162582496971604  0.0019563063765305607  0.016268502480992954  -0.05414284045283098  -1.054142840452831  0.945857159547169
16.784999782117715  16.790000471778782  0.01590047626573345  0.0019495265339112347  0.01625380635012738  -0.18123892044960488  -1.181238920449605  0.8187610795503951
16.790000471778782  16.795000073866415  0.016109394882673017  0.0019711305467485897  0.016239125946359644  -0.0658155614810077  -1.0658155614810076  0.9341844385189924
16.795000073866415  16.799999940626186  0.01519477719351899  0.0019174928027550307  0.016224466496965066  -0.5369977409910646  -1.5369977409910645  0.46300225900893544
16.799999940626186  16.805000069870943  0.016821900674612134  0.001996392317658849  0.016209827446527852  0.3065896530808399  -0.6934103469191601  1.3065896530808399
16.805000069870943  16.81000045941067  0.018396722455428803  0.00210307122978285  0.016195209137084235  1.0468087277157427  0.04680872771574274  2.0468087277157427
16.81000045941067  16.814999747776714  0.01563643543329475  0.0019356345770884082  0.016180611023717546  -0.28113549781764463  -1.2811354978176446  0.7188645021823554
16.814999747776714  16.820000650516242  0.013759645762844743  0.0018184026810929227  0.016166033194566  -1.3233523337498239  -2.323352333749824  -0.32335233374982386
16.820000650516242  16.825000446070135  0.017963619812953892  0.002091203683910021  0.016151475602645824  0.866555574787348  -0.13344442521265198  1.866555574787348
16.825000446070135  16.830000491511854  0.01704113468686929  0.0020398500178301286  0.016136937404966734  0.4432665509714235  -0.5567334490285765  1.4432665509714235
16.830000491511854  16.834999422125104  0.018151027311974554  0.002092321667233636  0.01612241844173138  0.9695492342366746  -0.030450765763325394  1.9695492342366747
16.834999422125104  16.839999959914568  0.017044362384371806  0.002022793665338171  0.016107918989694665  0.4629455839830233  -0.5370544160169767  1.4629455839830232
16.839999959914568  16.84499937683722  0.01653525148619788  0.002001413940256541  0.016093438190640113  0.2207505837104022  -0.7792494162895978  1.2207505837104022
16.84499937683722  16.85000039812973  0.01650621136145577  0.002008755483850388  0.016078973622121472  0.21268777746675724  -0.7873122225332427  1.2126877774667573
16.85000039812973  16.85500029250451  0.017140297086240673  0.002034179019794398  0.01606452006362225  0.5288507118351637  -0.47114928816483626  1.5288507118351637
16.85500029250451  16.8600004218715  0.015419547209119441  0.0019387243337193841  0.016050062458355958  -0.3252217132009131  -1.325221713200913  0.6747782867990869
16.8600004218715  16.86499941663607  0.01460123343961808  0.0019042032684839848  0.016035556077877933  -0.7532402984486929  -1.7532402984486928  0.2467597015513071
16.86499941663607  16.870000008504057  0.016328376340259312  0.0020130440732927433  0.016020925481013165  0.15272932337902098  -0.847270676620979  1.152729323379021
16.870000008504057  16.874999459692326  0.01860918907910203  0.002141396110704579  0.01600611709507801  1.2155957372910027  0.21559573729100268  2.215595737291003
16.874999459692326  16.880000505144515  0.0197414546337229  0.0021934949593025443  0.01599115248177775  1.7097382130012337  0.7097382130012337  2.7097382130012337
16.880000505144515  16.88500040382712  0.015568928306486405  0.001957506285029765  0.015976104711313544  -0.20800771263983409  -1.208007712639834  0.7919922873601659
16.88500040382712  16.890000522495278  0.016032493063276376  0.002025518398923627  0.015961037217961254  0.03527780609304498  -0.964722193906955  1.035277806093045
16.890000522495278  16.894999486667334  0.017911745778233464  0.002096411274169893  0.01594598317053756  0.9376798493293153  -0.06232015067068475  1.9376798493293153
16.894999486667334  16.90000003776764  0.020680690399341145  0.0022829633656643537  0.01593095714884847  2.0805122508439724  1.0805122508439724  3.0805122508439724
16.90000003776764  16.90499942825562  0.018734292218515077  0.002159556282960138  0.015915956327772113  1.3050532245817776  0.30505322458177764  2.3050532245817776
16.90499942825562  16.910000402799152  0.01834764644205951  0.002143661709754562  0.015900965507935218  1.1413558972438909  0.14135589724389086  2.1413558972438906
16.910000402799152  16.915000210601566  0.01571761224354426  0.001992007572635249  0.015885971029547467  -0.08451714155909718  -1.0845171415590973  0.9154828584409028
16.915000210601566  16.92000022327181  0.014882227597994608  0.0019698343318897116  0.015870968693282025  -0.5019412441344203  -1.5019412441344202  0.4980587558655797
16.92000022327181  16.92500043855063  0.017006382290917905  0.002077660274992349  0.015855963857948078  0.5537086340903649  -0.44629136590963514  1.553708634090365
16.92500043855063  16.929999476244063  0.017032972381879133  0.002092540706633739  0.015840970137264106  0.5696435155770996  -0.4303564844229004  1.5696435155770996
16.929999476244063  16.93500008913667  0.017233418558166548  0.002124622214001432  0.01582600175861785  0.6624315561955956  -0.33756844380440443  1.6624315561955956
16.93500008913667  16.939999518282466  0.018962577834563937  0.0022155077028851024  0.015811063625584713  1.4224794636801432  0.4224794636801432  2.422479463680143
16.939999518282466  16.9450005197163  0.01746934598559211  0.0021301365341987208  0.01579615336887799  0.7854860896714839  -0.21451391032851608  1.785486089671484
16.9450005197163  16.95000033122933  0.014410616010933998  0.0019385870184777788  0.015781270879296153  -0.7070380928468321  -1.707038092846832  0.29296190715316794
16.95000033122933  16.955000330104387  0.017035020204432465  0.0021087654069090653  0.015766418064754987  0.6015852382256877  -0.39841476177431234  1.6015852382256877
16.955000330104387  16.9600005140613  0.013181133191291916  0.0018592965031775936  0.015751590978119845  -1.3824894428806478  -2.382489442880648  -0.3824894428806478
16.9600005140613  16.964999497181996  0.019987843331721718  0.002288900307888373  0.015736780465064194  1.8572512101146703  0.8572512101146703  2.8572512101146703
16.964999497181996  16.97000004363483  0.015997486947325956  0.002068785543170827  0.015721977202484656  0.1331746278635652  -0.8668253721364347  1.1331746278635653
16.97000004363483  16.974999383044857  0.017941975312753277  0.0021834835414145685  0.015707169203203267  1.023504902675927  0.023504902675927086  2.023504902675927
16.974999383044857  16.980000282837384  0.015431544316301076  0.00202177465185313  0.015692328812673798  -0.12898791471823598  -1.128987914718236  0.871012085281764
16.980000282837384  16.984999969367937  0.013764172440843814  0.0019311217804843385  0.015677405160966024  -0.9907364410971307  -1.9907364410971307  0.00926355890286934
16.984999969367937  16.989999825604947  0.015984340655790262  0.002071819097821781  0.01566235176793615  0.15541361125237024  -0.8445863887476297  1.1554136112523703
16.989999825604947  16.99499984924733  0.01636530684121378  0.002090954355905151  0.015647159776649235  0.3434542043141185  -0.6565457956858816  1.3434542043141184
16.99499984924733  17.000000037991118  0.01568744564913672  0.0020423314651319734  0.01563183007254274  0.027231415440386843  -0.9727685845596131  1.0272314154403868
17.000000037991118  17.005000389529474  0.015605903082160569  0.0020576219555596023  0.015616310035212798  -0.005057757584725263  -1.0050577575847253  0.9949422424152747
17.005000389529474  17.009999510567678  0.016588363359922392  0.0021401939657673006  0.015600498142924036  0.4615774237285955  -0.5384225762714046  1.4615774237285954
17.009999510567678  17.015000179945176  0.01642350196036434  0.002123877522165701  0.015584334382700085  0.395111096994219  -0.604888903005781  1.3951110969942189
17.015000179945176  17.019999612558212  0.015504997230619301  0.002049059185130318  0.015567861964384977  -0.030679803795749142  -1.0306798037957492  0.9693201962042508
17.019999612558212  17.025000590511922  0.01840325429399959  0.0022396197831602523  0.015551146152068117  1.273478723208525  0.27347872320852495  2.273478723208525
17.025000590511922  17.030000325424293  0.01740116460469398  0.0021707862084019446  0.015534150984247585  0.8600633324553976  -0.13993666754460243  1.8600633324553977
17.030000325424293  17.035000207591423  0.018278685619890524  0.00221661622083139  0.01551676676513639  1.2460067867401141  0.24600678674011411  2.2460067867401143
17.035000207591423  17.04000023468555  0.01579672922953622  0.0020696196105743432  0.015498948111073815  0.14388205298256085  -0.8561179470174392  1.1438820529825608
17.04000023468555  17.04500040437602  0.015736193812781747  0.002074800651756844  0.015480713786423198  0.12313473400069548  -0.8768652659993045  1.1231347340006954
17.04500040437602  17.04999931679469  0.01022725355246686  0.0016590796055458137  0.015461937677361067  -3.155173571778112  -4.155173571778112  -2.155173571778112
17.04999931679469  17.054999763854546  0.009022477703953462  0.0015817777891001272  0.015442243264119611  -4.058576118848116  -5.058576118848116  -3.0585761188481158
17.054999763854546  17.06000034650129  0.016707784996890875  0.0021218908164970184  0.015421251432794228  0.6063146859839638  -0.39368531401603624  1.6063146859839637
17.06000034650129  17.064999662397984  0.01590975284367717  0.002071273396692396  0.015398901914003789  0.24663616618122694  -0.753363833818773  1.2466361661812269
17.064999662397984  17.070000508368494  0.013694764358272295  0.001931747985066917  0.015375250357381342  -0.8699302456116353  -1.8699302456116353  0.13006975438836466
17.070000508368494  17.075000081254412  0.015527576979148245  0.002065320237073956  0.015349709995186936  0.08612077718915953  -0.9138792228108404  1.0861207771891594
17.075000081254412  17.07999977869894  0.016417122321699652  0.0021149069965363332  0.015320953963287918  0.5183057033746498  -0.48169429662535024  1.5183057033746499
17.07999977869894  17.08499959834762  0.017918580572825894  0.002226066273666676  0.015288072153131367  1.1816846833412877  0.18168468334128773  2.1816846833412877
17.08499959834762  17.08999953784311  0.017935217605764192  0.0022281330714663374  0.015251488197827592  1.2044744734076571  0.20447447340765712  2.2044744734076573
17.08999953784311  17.0949995948252  0.013414937812609199  0.0019257439050086832  0.01521208606548882  -0.9332228694612004  -1.9332228694612004  0.06677713053879963
17.0949995948252  17.099999766930797  0.014312905080237777  0.001979934008283968  0.015169601666079014  -0.43268946452601575  -1.4326894645260158  0.5673105354739842
17.099999766930797  17.105000051793926  0.016030567706977278  0.002087002152175735  0.01512270063879918  0.43501012551981966  -0.5649898744801803  1.4350101255198195
17.105000051793926  17.110000447045728  0.017346560915917082  0.0021810108793687767  0.015070837738168667  1.0434258715880633  0.043425871588063325  2.043425871588063
17.110000447045728  17.114999542103806  0.012603698738988258  0.0018828859751864966  0.01501544460485571  -1.2808772796921877  -2.280877279692188  -0.2808772796921877
17.114999542103806  17.12000015019186  0.016784686304460283  0.0021575131413743747  0.014959262819407154  0.8460775742437895  -0.1539224257562105  1.8460775742437896
17.12000015019186  17.12499945168777  0.013532613585876253  0.0019426365561338451  0.014905277060385124  -0.7065981900601567  -1.7065981900601566  0.2934018099398433
17.12499945168777  17.13000026310106  0.01903357615009451  0.002299367014342771  0.014856134571062243  1.8167789452378074  0.8167789452378074  2.8167789452378074
17.13000026310106  17.134999761511228  0.013580628268457174  0.001949529169820104  0.01481363873690843  -0.6324657704737157  -1.6324657704737158  0.36753422952628434
17.134999761511228  17.139999354388078  0.015871662040366028  0.002097515653061857  0.01477798733391963  0.5214143240599438  -0.4785856759400562  1.5214143240599438
17.139999354388078  17.145000452493495  0.017962794764777443  0.00224897290999114  0.014747199961207777  1.4298059302023056  0.4298059302023056  2.4298059302023054
17.145000452493495  17.15000022795578  0.015368602817842955  0.0020674600879195424  0.014717043226884797  0.3151497795605892  -0.6848502204394108  1.3151497795605893
17.15000022795578  17.155000090706988  0.014076788132426514  0.0019711446068918694  0.014681843494152934  -0.30695635399397736  -1.3069563539939772  0.6930436460060226
17.155000090706988  17.16000003834868  0.015960697131530765  0.0021092820639717455  0.014635406018550868  0.6283138398685263  -0.3716861601314737  1.6283138398685262
17.16000003834868  17.165000068479543  0.0163294421061942  0.00216138988233397  0.014572556445523742  0.812849951334689  -0.18715004866531104  1.812849951334689
17.165000068479543  17.170000178695375  0.012957449560193951  0.0019051209652731736  0.014491589893186907  -0.8052718756223313  -1.8052718756223314  0.19472812437766873
17.170000178695375  17.175000366589096  0.01159071734104495  0.0018044671910382262  0.014395592184430539  -1.5544061190559886  -2.5544061190559884  -0.5544061190559886
17.175000366589096  17.18000062975074  0.013350095091137031  0.0019269202486437665  0.014290867277405984  -0.48822580328952375  -1.4882258032895237  0.5117741967104763
17.18000062975074  17.18499954601413  0.011078028534371646  0.0017680281485273122  0.014185345219768815  -1.757504080455633  -2.757504080455633  -0.757504080455633
17.18499954601413  17.18999995164385  0.014033791521529995  0.002008857110314291  0.014089560213839359  -0.027761403249153542  -1.0277614032491535  0.9722385967508465
17.18999995164385  17.195000425294047  0.0158812359255382  0.002117350581689417  0.014018174055248956  0.8799024055821308  -0.12009759441786916  1.879902405582131
17.195000425294047  17.199999542310348  0.01226919865870966  0.0018654233756645005  0.01398807822497233  -0.9214420644055519  -1.9214420644055519  0.07855793559444813
17.199999542310348  17.20500014390704  0.01630022839773338  0.0021403248457051213  0.014013142285159236  1.0685696225801995  0.0685696225801995  2.0685696225801995
17.20500014390704  17.20999938236372  0.014505495539615334  0.0020406830618118978  0.014099291000332623  0.19905322236665607  -0.8009467776333439  1.1990532223666561
17.20999938236372  17.215000102196846  0.012066072546686558  0.00185611590172056  0.01424244791310575  -1.1725428161041895  -2.1725428161041895  -0.17254281610418953
17.215000102196846  17.219999452371322  0.012090544322621969  0.0018598803787101775  0.014428995841894294  -1.2573128605690416  -2.2573128605690416  -0.25731286056904157
17.219999452371322  17.22500028070776  0.012894169235632948  0.001932302693690379  0.014640112389243641  -0.9035557210119241  -1.903555721011924  0.09644427898807595
17.22500028070776  17.229999732854377  0.014765024591485572  0.0020475405095418454  0.014859308084136998  -0.04604719282087445  -1.0460471928208745  0.9539528071791256
17.229999732854377  17.23500065993794  0.016575478771975714  0.002199379449188116  0.015075262607148587  0.6821088400098123  -0.3178911599901877  1.6821088400098123
17.23500065993794  17.240000204287973  0.015044010327358066  0.002081069321785556  0.015275716573603841  -0.11133999421363425  -1.1113399942136342  0.8886600057863657
17.240000204287973  17.24499979065481  0.018656565518947534  0.0023358341745938938  0.015442547931846289  1.3759613683450074  0.3759613683450074  2.375961368345007
17.24499979065481  17.249999416587368  0.013620899783780914  0.001996876337900838  0.015559761047172424  -0.9709470870037374  -1.9709470870037373  0.02905291299626256
17.249999416587368  17.255000510974718  0.015970289536631977  0.0021628016882624373  0.01562639929959737  0.15900220482576252  -0.8409977951742375  1.1590022048257624
17.255000510974718  17.26000020950355  0.017191929303616724  0.002247293735750606  0.015656174307388353  0.6833797343876906  -0.3166202656123094  1.6833797343876906
17.26000020950355  17.26499994022781  0.018793430656618502  0.0023444706403582924  0.015663648273729444  1.3349633512197665  0.3349633512197665  2.3349633512197663
17.26499994022781  17.269999700684888  0.018293433899593998  0.0023184602274725916  0.015655125704580948  1.1379570646718113  0.13795706467181135  2.137957064671811
17.269999700684888  17.27499948840929  0.01543470955200361  0.0021351155603059222  0.015632088494100898  -0.09244414951901028  -1.0924441495190103  0.9075558504809897
17.27499948840929  17.279999300932626  0.01965271751858648  0.0024009615793371356  0.015597443213907715  1.6890209071143714  0.6890209071143714  2.6890209071143714
17.279999300932626  17.285000572108142  0.014391147066873965  0.002097118528722709  0.015556086406516553  -0.5554952300917951  -1.555495230091795  0.44450476990820487
17.285000572108142  17.29000042764374  0.016886383718665052  0.0022460548784906547  0.015512611408552276  0.6116379093265745  -0.38836209067342553  1.6116379093265745
17.29000042764374  17.29500030055607  0.01335130644207455  0.002000808654737651  0.015469935236349857  -1.0588862604420832  -2.0588862604420832  -0.05888626044208323
17.29500030055607  17.30000018836521  0.01538810742946477  0.0021437488990926966  0.015429223663838445  -0.019179594397028606  -1.0191795943970285  0.9808204056029713
17.30000018836521  17.305000088588365  0.01661721213331412  0.0022154739052739516  0.015390360767849637  0.5537647554972124  -0.4462352445027876  1.5537647554972125
17.305000088588365  17.309999998739844  0.015800783557449568  0.0021502142917727675  0.01535267432494442  0.20840212727620727  -0.7915978727237927  1.2084021272762073
17.309999998739844  17.31499991633108  0.012431263801567137  0.0019290139249318766  0.015315667024295132  -1.4952734065047546  -2.4952734065047544  -0.4952734065047546
17.31499991633108  17.319999838870608  0.0134515319486188  0.001983320183784451  0.015279196686190296  -0.9215177420743315  -1.9215177420743315  0.07848225792566854
17.319999838870608  17.324999763864096  0.01608458938731014  0.002207648371373113  0.015243190769763132  0.3811289100463376  -0.6188710899536625  1.3811289100463375
17.324999763864096  17.32999968881432  0.014477911862987691  0.002078336210743329  0.015207431608055898  -0.351011420239505  -1.351011420239505  0.6489885797604951
17.32999968881432  17.334999611221168  0.01543199562064449  0.0021347401365213064  0.015171550842377857  0.12200303625294821  -0.8779969637470518  1.1220030362529483
17.334999611221168  17.339999528581647  0.011998166477162201  0.0019186333394430617  0.01513508430928335  -1.634975150088724  -2.634975150088724  -0.634975150088724
17.339999528581647  17.34499943838988  0.01748529523321783  0.0022714378513315437  0.015097595660024169  1.0511841967386262  0.051184196738626175  2.0511841967386264
17.34499943838988  17.349999338137106  0.016095813406024177  0.002170359036915102  0.015058855802912652  0.47778159533707004  -0.5222184046629299  1.47778159533707
17.349999338137106  17.355000673293283  0.01580424590535686  0.002150685457644148  0.015018761477622825  0.3652251541210727  -0.6347748458789273  1.3652251541210727
17.355000673293283  17.3600005462151  0.013683034765640164  0.002011803038822139  0.014976820387009674  -0.6430975579632232  -1.6430975579632232  0.3569024420367768
17.3600005462151  17.365000401532562  0.008925441894813877  0.0016422363706006197  0.014931789048054733  -3.6574193951411145  -4.6574193951411145  -2.6574193951411145
17.365000401532562  17.37000023672536  0.0140361118493211  0.002025938238645308  0.014882309223519833  -0.4176817229949531  -1.4176817229949532  0.5823182770050469
17.37000023672536  17.375000049270312  0.016722535751999803  0.0022386744661482276  0.014827979004275514  0.8462850567925519  -0.15371494320744805  1.846285056792552
17.375000049270312  17.379999836641357  0.01647980746310292  0.0022116213050433963  0.014769105351140139  0.7735058927410779  -0.22649410725892205  1.773505892741078
17.379999836641357  17.384999596309537  0.017987410224879957  0.002298206451372353  0.014704833444124427  1.428321106137079  0.4283211061370791  2.428321106137079
17.384999596309537  17.389999325743023  0.015134035527201415  0.0020987131191545533  0.01463205671641701  0.2391841010583775  -0.7608158989416225  1.2391841010583775
17.389999325743023  17.395000477070997  0.012295079044201416  0.0019245982943644822  0.014546832323201166  -1.1699861137740943  -2.1699861137740943  -0.16998611377409434
17.395000477070997  17.40000013926436  0.010991029777994044  0.001800599089816841  0.01444623129817368  -1.9189177311708538  -2.918917731170854  -0.9189177311708538
17.40000013926436  17.40499976361045  0.014137331793937481  0.002050676139293643  0.014329079072596448  -0.09350441787702896  -1.093504417877029  0.906495582122971
17.40499976361045  17.409999347565897  0.012260193238378823  0.0018917888878644405  0.014196263320424127  -1.0234070484634525  -2.0234070484634525  -0.02340704846345254
17.409999347565897  17.41500034659527  0.011915223126149647  0.0018778802982581486  0.014050962963920994  -1.1373141513611813  -2.1373141513611813  -0.1373141513611813
17.41500034659527  17.419999842965037  0.013766069734285808  0.002007987644751023  0.013898112592548624  -0.06575880016392574  -1.0657588001639258  0.9342411998360742
17.419999842965037  17.424999291296977  0.014890819972401341  0.002100460491699141  0.013743868878682659  0.5460474492385579  -0.45395255076144214  1.5460474492385579
17.424999291296977  17.43000014955971  0.013667936478477822  0.0020256491971907065  0.013595009289478786  0.03600188477855633  -0.9639981152214436  1.0360018847785564
17.43000014955971  17.434999494986357  0.014059433475854158  0.0020451595272561953  0.013458437950795476  0.29386241857865375  -0.7061375814213462  1.2938624185786538
17.434999494986357  17.44000024690194  0.01578056547080697  0.0021774024060739004  0.013339923242892387  1.1208962666277804  0.12089626662778041  2.1208962666277804
17.44000024690194  17.444999479181533  0.011672234130606815  0.001880382042818301  0.013241795842672545  -0.8347036274146092  -1.8347036274146094  0.16529637258539076
17.444999479181533  17.4500001144976  0.011101764021614762  0.0018367530168034924  0.01316105432977273  -1.1211579833100032  -2.1211579833100034  -0.12115798331000316
17.4500001144976  17.45500068808162  0.01571974992257766  0.0021592737144976283  0.013089762967824914  1.2179960961385734  0.2179960961385734  2.2179960961385734
17.45500068808162  17.459999731806437  0.015083366393721504  0.0021276206279626326  0.013014390342038253  0.9724365446035659  -0.027563455396434122  1.9724365446035659
17.459999731806437  17.465000173369372  0.016903103625488095  0.002253590149791451  0.012916789806591923  1.768872578390116  0.768872578390116  2.7688725783901162
17.465000173369372  17.470000545476843  0.008881701485066829  0.0016418988113452574  0.012779966628032614  -2.374242015421046  -3.374242015421046  -1.374242015421046
17.470000545476843  17.474999377473893  0.01152202552163259  0.0018807339443436752  0.012594600089158229  -0.5702957458450821  -1.5702957458450821  0.42970425415491786
17.474999377473893  17.479999602086814  0.013350615795877587  0.00202354541667702  0.012360817415128934  0.48914067981437187  -0.5108593201856282  1.4891406798143718
17.479999602086814  17.48499974949491  0.010225537427651882  0.0017536652011640671  0.012088820346916745  -1.0625077797221691  -2.062507779722169  -0.06250777972216914
17.48499974949491  17.48999981710938  0.011909766138521292  0.001918648146571802  0.011798631917493278  0.057923189943182705  -0.9420768100568173  1.0579231899431827
17.48999981710938  17.494999802338516  0.010199606705932195  0.0017685504017230704  0.01151640697637979  -0.7445647402328244  -1.7445647402328244  0.2554352597671756
17.494999802338516  17.499999702587758  0.013250828118427503  0.0020146714717574495  0.011268801669130957  0.9837963544336951  -0.016203645566304936  1.9837963544336952
17.499999702587758  17.504999515259637  0.011990858067047248  0.0019317119529101165  0.011079943370322008  0.47155824415381903  -0.5284417558461809  1.471558244153819
17.504999515259637  17.510000711715193  0.013160358674428744  0.0020352876885599423  0.010971702162866047  1.0753548620496354  0.07535486204963537  2.075354862049635
17.510000711715193  17.51500034227031  0.008234076188238314  0.0015846487012690926  0.010966191102232563  -1.724113938822017  -2.724113938822017  -0.724113938822017
17.51500034227031  17.519999877438632  0.012302637763872274  0.001974714971281259  0.011086553425886625  0.6158277805513439  -0.3841722194486561  1.615827780551344
17.519999877438632  17.524999314611183  0.015314560497975778  0.0021658059158020607  0.0113507915832527  1.830158873333385  0.8301588733333849  2.830158873333385
17.524999314611183  17.530000128506423  0.011359913739866645  0.0018675583147102902  0.011761689127671325  -0.2151340521149975  -1.2151340521149976  0.7848659478850025
17.530000128506423  17.534999362691696  0.014008813996764029  0.0020993418441064724  0.012302590977172338  0.8127418716402041  -0.18725812835979594  1.812741871640204
17.534999362691696  17.539999970053454  0.01266142923849037  0.00197738303506143  0.012943692452455031  -0.14274584587800535  -1.1427458458780053  0.8572541541219947
17.539999970053454  17.545000470641543  0.011695396254039583  0.0019159915199423979  0.013647721375217607  -1.0189633413600492  -2.018963341360049  -0.01896334136004918
17.545000470641543  17.549999381129897  0.015149574370069105  0.0021807874132893494  0.014368390454740011  0.3582118598854205  -0.6417881401145795  1.3582118598854205
17.549999381129897  17.554999659455735  0.01449159534337786  0.002147719117626098  0.01505205005689856  -0.2609534500676129  -1.260953450067613  0.7390465499323871
17.554999659455735  17.559999823130887  0.018358049601021515  0.002405192803781831  0.015649293803248733  1.126211501012991  0.12621150101299095  2.1262115010129907
17.559999823130887  17.564999869523994  0.017390440778260713  0.0023551279879279238  0.01612664537056748  0.5366143216722321  -0.4633856783277679  1.536614321672232
17.564999869523994  17.56999979600082  0.01712613306990763  0.0023408925217253858  0.016471267623558633  0.2797503261133574  -0.7202496738866426  1.2797503261133574
17.56999979600082  17.57499959992424  0.015127589943506225  0.002183479531518398  0.016689142733155787  -0.7151671298533561  -1.7151671298533562  0.28483287014664393
17.57499959992424  17.579999278654267  0.016357988925938132  0.0022847990393916645  0.016799378524474384  -0.1931853046707224  -1.1931853046707224  0.8068146953292776
17.579999278654267  17.5850003161631  0.017435166508939982  0.002350957372470212  0.016827703040111823  0.25838982703028957  -0.7416101729697104  1.2583898270302896
17.5850003161631  17.589999737420236  0.01931349473155733  0.002488027129618141  0.01680146172502503  1.0096485591448685  0.009648559144868507  2.0096485591448685
17.589999737420236  17.5950005138533  0.019210776394386526  0.0025053515389989018  0.016744369256321622  0.9844555143947744  -0.015544485605225589  1.9844555143947744
17.5950005138533  17.599999667043885  0.022145103592033775  0.0026896040411606044  0.016673007881104644  2.0345358005068426  1.0345358005068426  3.0345358005068426
17.599999667043885  17.60500017179688  0.017238922035507444  0.0023622038056423  0.01659731835480652  0.2716123304722505  -0.7283876695277496  1.2716123304722504
17.60500017179688  17.6100005371493  0.015923676459741645  0.002285878910414413  0.016523070849427328  -0.2622161598126893  -1.2622161598126893  0.7377838401873107
17.6100005371493  17.614999268749838  0.01516441729190046  0.0022119575993535855  0.016453185155840776  -0.5826367848628484  -1.5826367848628484  0.4173632151371516
17.614999268749838  17.61999934647278  0.014403299147680612  0.0021831000043444283  0.01638828986537865  -0.9092532241985488  -1.9092532241985487  0.09074677580145118
17.61999934647278  17.62499927680782  0.013231583401491595  0.002085343221973713  0.016327231752491962  -1.4844790624300348  -2.484479062430035  -0.4844790624300348
17.62499927680782  17.630000551320176  0.015308184625552713  0.0022329282202544465  0.016268532464966085  -0.43008450997315945  -1.4300845099731594  0.5699154900268406
17.630000551320176  17.63500017971976  0.012737051148267172  0.0020395604852929874  0.016212022672281137  -1.7037844913507314  -2.7037844913507314  -0.7037844913507314
17.63500017971976  17.63999965271865  0.01832711026730415  0.002449063125352826  0.016158723015935027  0.8853945939252721  -0.11460540607472791  1.885394593925272
17.63999965271865  17.645000464417162  0.015649627738179968  0.0022764775502993025  0.016109186215975475  -0.20187261575897683  -1.2018726157589767  0.7981273842410231
17.645000464417162  17.649999619429774  0.02001043342046108  0.0025620734612607837  0.016062660264734886  1.5408508832465388  0.5408508832465388  2.540850883246539
17.649999619429774  17.65500010947705  0.01731772772338613  0.0023955974307752243  0.016017988688136368  0.542553193016725  -0.457446806983275  1.542553193016725
17.65500010947705  17.660000435097178  0.01470461134152058  0.002210308105544481  0.01597478481701239  -0.5746590135129237  -1.5746590135129237  0.4253409864870763
17.660000435097178  17.665000593602546  0.013325167156449937  0.0021193579734287097  0.015933377981368645  -1.2306608216351154  -2.2306608216351154  -0.23066082163511537
17.665000593602546  17.670000582302656  0.016477736307476364  0.002330303816324064  0.01589392756242832  0.25052902585422243  -0.7494709741457776  1.2505290258542225
17.670000582302656  17.675000398504142  0.016760590561553452  0.0023642055284449352  0.015856063797426774  0.38259227179865046  -0.6174077282013495  1.3825922717986505
17.675000398504142  17.680000039510762  0.015228950387356886  0.0022453862352977776  0.015819293350284678  -0.26291377120226395  -1.262913771202264  0.737086228797736
17.680000039510762  17.684999502623402  0.014193238765752882  0.002183336508995124  0.015783493028744402  -0.7283596717408578  -1.7283596717408578  0.2716403282591422
17.684999502623402  17.6900002895613  0.017569773461908467  0.002430463403485368  0.01574885875911756  0.7492047402070116  -0.25079525979298845  1.7492047402070114
17.6900002895613  17.694999389627547  0.015962854302652187  0.0023220411415941144  0.015715479449955456  0.10653336336965438  -0.8934666366303456  1.1065333633696544
17.694999389627547  17.699999809807935  0.020390764442429793  0.0026268045131947726  0.015683146714388047  1.792146200600305  0.7921462006003051  2.792146200600305
17.699999809807935  17.70500004297126  0.014747974740136068  0.002242299402694058  0.015651560519786667  -0.4029728494620154  -1.4029728494620155  0.5970271505379846
17.70500004297126  17.71000008640467  0.016507105750368782  0.002376204652345862  0.015620620047515243  0.37306790977720344  -0.6269320902227966  1.3730679097772034
17.71000008640467  17.714999937392435  0.021005179665850974  0.002683779311016199  0.015590416587755897  2.0175887994474495  1.0175887994474495  3.0175887994474495
17.714999937392435  17.719999593215963  0.014268245939186162  0.002221310460203551  0.015561009913386136  -0.5819825717119753  -1.5819825717119753  0.4180174282880247
17.719999593215963  17.725000561533996  0.014678633235387662  0.002258004418434871  0.015532283862778464  -0.3780553396713484  -1.3780553396713484  0.6219446603286516
17.725000561533996  17.729999819713882  0.015093024000584435  0.002294761051472957  0.015504045428163877  -0.17911295266041624  -1.1791129526604163  0.8208870473395837
17.729999819713882  17.735000386641623  0.01343096668715677  0.0021713797868387194  0.015476212056940584  -0.9419104765460942  -1.9419104765460942  0.058089523453905834
17.735000386641623  17.74000074920754  0.020716612459861415  0.0027080331282788145  0.015448843426357481  1.9452380321698828  0.9452380321698828  2.9452380321698826
17.74000074920754  17.744999390888623  0.01774463703300588  0.0025030125770098715  0.015421999136964328  0.9279369657887226  -0.07206303421127735  1.9279369657887226
17.744999390888623  17.749999335677828  0.018252917659016654  0.002531224251784872  0.015395623848116437  1.128818913964427  0.1288189139644269  2.1288189139644267
17.749999335677828  17.75500058339665  0.01224389336447808  0.002091810984745466  0.015369616147579335  -1.4942663586220701  -2.4942663586220704  -0.49426635862207013
17.75500058339665  17.760000101163232  0.015205991328103498  0.0023188919380257677  0.015344014367400812  -0.05952111740697314  -1.0595211174069732  0.9404788825930268
17.760000101163232  17.764999400877628  0.013312176283487439  0.002202458936373136  0.015319021878670555  -0.9111841142826741  -1.911184114282674  0.0888158857173259
17.764999400877628  17.769999997852075  0.012474038421338006  0.0021084973290881608  0.015294778273910105  -1.3377962654531572  -2.337796265453157  -0.3377962654531572
17.769999997852075  17.775000372986785  0.016106464079525033  0.00240100990393177  0.01527117024355998  0.3478927073966737  -0.6521072926033262  1.3478927073966738
17.775000372986785  17.780000523529946  0.01653732878369029  0.002438296105443982  0.015247952807617959  0.5288020487723142  -0.4711979512276858  1.5288020487723142
17.780000523529946  17.78500044672689  0.012912457606662648  0.0021745311640474613  0.01522497488805373  -1.0634555713088913  -2.063455571308891  -0.06345557130889135
17.78500044672689  17.790000139820073  0.017061645262780492  0.0025407214858199174  0.015202218774499204  0.7318497909585835  -0.2681502090414165  1.7318497909585835
17.790000139820073  17.794999600049085  0.02216998574058019  0.002856009539131555  0.015179691151675738  2.4475739639966454  1.4475739639966454  3.4475739639966454
17.794999600049085  17.800000347839653  0.015323011613681317  0.002385518593130742  0.015157364498477705  0.06943861837027979  -0.9305613816297202  1.0694386183702798
17.800000347839653  17.80499933490331  0.014582451091757695  0.0023492143383620602  0.015135194700957758  -0.23528870915433425  -1.2352887091543343  0.7647112908456657
17.80499933490331  17.809999605705386  0.018751687294657336  0.0026645420852847166  0.015113170834872805  1.3655316160621795  0.36553161606217954  2.3655316160621798
17.809999605705386  17.81499963428561  0.01157523455139683  0.0020789734976343877  0.015091333712659217  -1.691266947492726  -2.6912669474927258  -0.691266947492726
17.81499963428561  17.81999941786984  0.01586177581975785  0.002482907772160465  0.015069731548093684  0.3189986678300897  -0.6810013321699103  1.3189986678300896
17.81999941786984  17.825000481151736  0.017639412762602103  0.0025935053741114036  0.015048370234836593  0.9990503793165501  -0.0009496206834499477  1.9990503793165502
17.825000481151736  17.829999767267058  0.014027735547110369  0.0023061455181323065  0.015027230835850055  -0.43340512594762604  -1.4334051259476261  0.566594874052374
17.829999767267058  17.835000329231953  0.01751824384807679  0.0025829241413589344  0.015006343543999138  0.9725025461863103  -0.027497453813689732  1.9725025461863104
17.835000329231953  17.84000063679078  0.012998987037229324  0.002229307885170642  0.01498583107976643  -0.8912380635055368  -1.8912380635055368  0.1087619364944632
17.84000063679078  17.85000047753592  0.012337509736896056  0.0015569222123578573  0.0149561044892535  -1.6819046780710716  -2.6819046780710716  -0.6819046780710716
17.85000047753592  17.85500000513793  0.015511692104516736  0.002489805184843921  0.014927253370110343  0.2347327164245698  -0.7652672835754302  1.2347327164245698
17.85500000513793  17.859999267165257  0.015155234453141682  0.002464502295901132  0.014908352618698304  0.10017512860668956  -0.8998248713933105  1.1001751286066896
17.859999267165257  17.864999795152222  0.013051713561656617  0.002263088619818979  0.014889547610198159  -0.8120910654787121  -1.8120910654787121  0.18790893452128787
17.864999795152222  17.870000053680798  0.013359186735992458  0.002306913506259693  0.014870806385413342  -0.6552563177246045  -1.6552563177246045  0.34474368227539554
17.870000053680798  17.875000039946542  0.013082382964895852  0.0022684065098507724  0.014852121283026515  -0.7801680653116644  -1.7801680653116643  0.21983193468833562
17.875000039946542  17.87999975114215  0.014358008865431704  0.002360442117198314  0.014833490514199613  -0.20143753803726994  -1.20143753803727  0.7985624619627301
17.87999975114215  17.885000722228565  0.014770358842957214  0.0023960686021158445  0.014814917672995887  -0.01859664201572731  -1.0185966420157273  0.9814033579842727
17.885000722228565  17.889999875710345  0.01062156439213607  0.002089577041762091  0.014796396271412477  -1.9979315410911436  -2.997931541091144  -0.9979315410911436
17.889999875710345  17.895000285174252  0.011933389185465805  0.0021956835904006176  0.014777899346287138  -1.295500942511636  -2.295500942511636  -0.29550094251163594
17.895000285174252  17.905000247459643  0.011717676428786298  0.001531710628336763  0.014750170749701157  -1.9798088913228662  -2.9798088913228664  -0.9798088913228662
17.905000247459643  17.90999979463623  0.01366657331180474  0.0023599940313560907  0.014722396247494446  -0.4473837313406307  -1.4473837313406306  0.5526162686593693
17.90999979463623  17.91500059166834  0.011213192645648917  0.002164585145102298  0.014703899486176052  -1.6126447363021905  -2.6126447363021903  -0.6126447363021905
17.91500059166834  17.919999550719023  0.011313416942489008  0.0021557927513631966  0.014685437460573054  -1.5641672957438884  -2.5641672957438884  -0.5641672957438884
17.919999550719023  17.92499975568623  0.01387554064285905  0.0023453944421941565  0.014667038735407766  -0.33746907484280386  -1.337469074842804  0.6625309251571961
17.92499975568623  17.934999263225627  0.011760580228638733  0.001537318902393541  0.014639543151953711  -1.8727167920933998  -2.8727167920934  -0.8727167920933998
17.934999263225627  17.94000010736326  0.016942039494195236  0.0025836368013832985  0.01461215332083188  0.9017854878502727  -0.09821451214972732  1.9017854878502727
17.94000010736326  17.945000644852183  0.014054763907747231  0.002366902029940141  0.014593949671254998  -0.22780231572212659  -1.2278023157221265  0.7721976842778734
17.945000644852183  17.94999932387783  0.01128015985447084  0.0021218464621763386  0.014575796619647571  -1.5531928553381087  -2.553192855338109  -0.5531928553381087
17.94999932387783  17.954999238666694  0.014493162471474504  0.0023826612331624177  0.014557709055256468  -0.02709012212209979  -1.0270901221220998  0.9729098778779002
17.954999238666694  17.96000038895661  0.014091181997200641  0.002348530332866774  0.014539725082304665  -0.1909888404790164  -1.1909888404790163  0.8090111595209836
17.96000038895661  17.964999671366364  0.01253778602703147  0.0022163883801949737  0.014521922540957556  -0.8952115665538475  -1.8952115665538476  0.10478843344615252
17.964999671366364  17.970000185293518  0.015234735942971768  0.002462994600801789  0.01450439312483321  0.29652635775198466  -0.7034736422480153  1.2965263577519845
17.970000185293518  17.97500037718354  0.017007557045599565  0.0026528325483231277  0.014487186714483274  0.9500676296773547  -0.0499323703226453  1.9500676296773547
17.97500037718354  17.980000244174306  0.015047116387835078  0.002465085130289654  0.014470252377035323  0.23401382926356468  -0.7659861707364353  1.2340138292635647
17.980000244174306  17.990000547875397  0.015022244012432033  0.0017519900052428944  0.014445106559175025  0.32941823385401925  -0.6705817661459808  1.3294182338540192
17.990000547875397  17.994999423831906  0.016148968368271406  0.002577338608236443  0.014419967963172728  0.6708472063287623  -0.32915279367123773  1.6708472063287623
17.994999423831906  17.999999521022456  0.012915679175358576  0.0023100133267947996  0.014403303276015486  -0.6439894018797832  -1.6439894018797832  0.35601059812021685
17.999999521022456  18.004999280691127  0.014030742231545284  0.002422880118146296  0.014386703623371104  -0.14691663411649142  -1.1469166341164914  0.8530833658835086
18.004999280691127  18.010000259300654  0.014722934130454128  0.00249506896942531  0.01437013628843824  0.1413980320139795  -0.8586019679860205  1.1413980320139796
18.010000259300654  18.019999627911524  0.014240073481268496  0.0017078691421724761  0.01434529688124336  -0.06161092637402879  -1.0616109263740288  0.9383890736259712
18.019999627911524  18.024999572349664  0.017407645505508457  0.0026692912829432342  0.014320568564527484  1.1565155742677418  0.15651557426774176  2.1565155742677415
18.024999572349664  18.0300007293841  0.01656153919834043  0.0025783351657339792  0.014304141485363957  0.8755253168700655  -0.12447468312993448  1.8755253168700654
18.0300007293841  18.034999971375882  0.01414100835439689  0.002356834725732815  0.014287783609100465  -0.06227643079976156  -1.0622764307997616  0.9377235692002385
18.034999971375882  18.04000042191059  0.015948189852092575  0.0024906888045149894  0.014271508139621886  0.6731799289543069  -0.3268200710456931  1.673179928954307
18.04000042191059  18.045000515284045  0.019378708003606093  0.0027739512838640887  0.01425529810071571  1.8469718385802079  0.8469718385802079  2.846971838580208
18.045000515284045  18.0500002485959  0.015312156262844418  0.0024210644839500126  0.014239115101751765  0.4432104837381149  -0.5567895162618851  1.443210483738115
18.0500002485959  18.054999618942983  0.014452119924048048  0.002344443432431282  0.014222949285318108  0.09775055160630626  -0.9022494483936937  1.0977505516063062
18.054999618942983  18.060000191430873  0.012384552605549277  0.0021804275659562835  0.014206834764930855  -0.835745331710832  -1.8357453317108319  0.16425466828916802
18.060000191430873  18.065000396875593  0.017515254422760276  0.0025958388413495396  0.014190792200675506  1.280688989288883  0.2806889892888831  2.2806889892888833
18.065000396875593  18.07000023236597  0.016271611751110387  0.0025164520631264353  0.014174786346608298  0.8332467108064032  -0.16675328919359678  1.8332467108064032
18.07000023236597  18.074999694988  0.017322300551103065  0.002554033878357689  0.01415876751262907  1.2386417679424957  0.2386417679424957  2.2386417679424957
18.074999694988  18.080000353311288  0.015373580399451034  0.002422929291204933  0.014142729464041817  0.5080011785226751  -0.4919988214773249  1.508001178522675
18.080000353311288  18.085000634668127  0.01341408154110996  0.0022826348454443525  0.014126703543183912  -0.31219272915954616  -1.312192729159546  0.6878072708404539
18.085000634668127  18.09000053613652  0.01399473146365999  0.0023007196802361228  0.014110724811315723  -0.05041611485838552  -1.0504161148583855  0.9495838851416145
18.09000053613652  18.095000054791644  0.02034747846067704  0.002788161009713089  0.01409484523053898  2.2425653354866597  1.2425653354866597  3.2425653354866597
18.095000054791644  18.104999507783777  0.013171488363684009  0.0015911926385714101  0.01407137515151322  -0.565542327192475  -1.565542327192475  0.434457672807525
18.104999507783777  18.10999943799767  0.015459119211937628  0.0024364105030582274  0.014048312667216619  0.5790512489377867  -0.4209487510622133  1.5790512489377866
18.10999943799767  18.115000552988505  0.017827341693750567  0.0026003850445889876  0.014033158738407698  1.459085054822168  0.4590850548221681  2.459085054822168
18.115000552988505  18.1199996955353  0.013928041350968095  0.002312997564630068  0.014018093341329963  -0.03893302428801753  -1.0389330242880175  0.9610669757119825
18.1199996955353  18.125000018721526  0.01664872952730874  0.0025098904126451865  0.014003082658490335  1.0540885990437103  0.05408859904371033  2.0540885990437103
18.125000018721526  18.12999994202688  0.012271564135397922  0.0021852064916035767  0.013988118176483924  -0.7855340205521435  -1.7855340205521435  0.2144659794478565
18.12999994202688  18.134999462504894  0.01506553353841144  0.002382070007351799  0.013973196582790103  0.45856626893838104  -0.541433731061619  1.4585662689383811
18.134999462504894  18.145000448790956  0.01262312930975953  0.0015562426891359605  0.01395088601123981  -0.8531810049610327  -1.8531810049610327  0.14681899503896734
18.145000448790956  18.15000032850269  0.015639493602898243  0.0024347891731382578  0.013928662855390527  0.702660733989787  -0.297339266010213  1.702660733989787
18.15000032850269  18.15499979531812  0.017039507074509117  0.002553517393601511  0.013913878399299464  1.2240483197967282  0.22404831979672823  2.2240483197967285
18.15499979531812  18.16000043170134  0.016015863316282145  0.0024637095845489202  0.013899110027072089  0.8591732168779992  -0.1408267831220008  1.8591732168779993
18.16000043170134  18.165000651011322  0.014154298121571578  0.002318819694741056  0.013884355596041544  0.11641376263201857  -0.8835862373679815  1.1164137626320185
18.165000651011322  18.17000045028281  0.011166116896532312  0.002064202910960664  0.013869620674943331  -1.3097083450739  -2.3097083450738998  -0.3097083450739
18.17000045028281  18.17499982654771  0.01728525187616634  0.0025485713492520707  0.013854909907562375  1.345986240334478  0.345986240334478  2.345986240334478
18.17499982654771  18.18000036575335  0.01618053782147575  0.0024675088849876897  0.013840220272724097  0.9484535447836207  -0.05154645521637935  1.9484535447836207
18.18000036575335  18.190000159578855  0.013151108793277706  0.0015802667805286654  0.013818225737305963  -0.4221546337923268  -1.4221546337923268  0.5778453662076732
18.190000159578855  18.194999408243767  0.012654593713755623  0.0022185430569403135  0.013796265648967078  -0.5146043623719362  -1.5146043623719363  0.4853956376280638
18.194999408243767  18.199999813184817  0.015499930512672408  0.0024206824571760405  0.013781666554204396  0.7098262530776268  -0.2901737469223732  1.709826253077627
18.199999813184817  18.204999780751304  0.019204435194310532  0.0027089278807888723  0.013767101624144636  2.0071902278116305  1.0071902278116305  3.0071902278116305
18.204999780751304  18.209999307956377  0.01363928521257799  0.0022732142020963314  0.013752565214062805  -0.04983252408873303  -1.049832524088733  0.9501674759112669
18.209999307956377  18.214999986852348  0.018497312236531376  0.0026626956934202683  0.013738053084276308  1.7873838020677972  0.7873838020677972  2.7873838020677972
18.214999986852348  18.220000221156123  0.01472600759557712  0.002380748661154513  0.01372357329562414  0.42105843271454896  -0.578941567285451  1.421058432714549
18.220000221156123  18.22500000787287  0.01522529620806965  0.00240733070341125  0.013709146274687927  0.6298054235894132  -0.37019457641058684  1.629805423589413
18.22500000787287  18.22999934400494  0.015251555203656397  0.0024114826151673714  0.013694811144437848  0.6455547510179758  -0.35444524898202423  1.6455547510179758
18.22999934400494  18.23499982509847  0.012510572860045853  0.0022026147248731137  0.013680622776364426  -0.531209522530535  -1.5312095225305349  0.468790477469465
18.23499982509847  18.239999851356817  0.014065580025489128  0.0023358382937170396  0.013666613459370508  0.17080230561840032  -0.8291976943815997  1.1708023056184003
18.239999851356817  18.244999419774377  0.01457140687587817  0.0023637943312795214  0.013652762581432549  0.38863122831348873  -0.6113687716865113  1.3886312283134887
18.244999419774377  18.250000128520348  0.015558971460300506  0.0024746428945753465  0.013639020092681677  0.7758498698246712  -0.2241501301753288  1.7758498698246712
18.250000128520348  18.25500037516062  0.014816932936673728  0.002418559885390497  0.013625344724167354  0.49268501462554476  -0.5073149853744552  1.4926850146255448
18.25500037516062  18.260000156681603  0.013881202352047912  0.002313533725341319  0.013611711975095163  0.11648430883063553  -0.8835156911693645  1.1164843088306355
18.260000156681603  18.269999916986276  0.014026129991414511  0.0016585271379433257  0.013591321655003616  0.2621653432515339  -0.7378346567484662  1.2621653432515338
18.269999916986276  18.27499989148533  0.017375714561703788  0.002611812213013236  0.013570953447074492  1.4567514064266363  0.45675140642663625  2.456751406426636
18.27499989148533  18.28500001844727  0.01339211829077967  0.00162097155033317  0.013550662981732407  -0.0978084352684362  -1.0978084352684363  0.9021915647315638
18.28500001844727  18.290000166611108  0.01280816280032342  0.0022550085478889315  0.013530411562964023  -0.3202864855287363  -1.3202864855287362  0.6797135144712637
18.290000166611108  18.294999831998904  0.018827639609319248  0.002717535699161432  0.01351693958841788  1.9542337650026556  0.9542337650026556  2.9542337650026553
18.294999831998904  18.30000062153886  0.01750840563474085  0.0026537393118931467  0.01350348101745352  1.5091627875197222  0.5091627875197222  2.509162787519722
18.30000062153886  18.30499931314606  0.015586546011843335  0.002510972698309618  0.013490044919634559  0.8349358372634381  -0.16506416273656188  1.8349358372634381
18.30499931314606  18.310000736309984  0.01246783651048626  0.0022561828553658517  0.01347664016057166  -0.44712849744699257  -1.4471284974469927  0.5528715025530074
18.310000736309984  18.3150000554578  0.015391680128035956  0.0024883676576655605  0.01346326456807466  0.7749721203861097  -0.22502787961389026  1.7749721203861097
18.3150000554578  18.320000491871145  0.01186754384237033  0.002193870865975064  0.013449908453047058  -0.7212660668491291  -1.721266066849129  0.2787339331508709
18.320000491871145  18.325000430778438  0.013929446412387608  0.002379779711361262  0.013436566806577096  0.20711144122183434  -0.7928885587781657  1.2071114412218344
18.325000430778438  18.329999869128656  0.015213087650858947  0.0024922752763608504  0.01342324374828437  0.7181565854908514  -0.2818434145091486  1.7181565854908514
18.329999869128656  18.335000419995467  0.016824413389846152  0.0026427118976516915  0.01340994031652999  1.2920337916328513  0.29203379163285126  2.2920337916328513
18.335000419995467  18.340000465957587  0.013872620950896043  0.002379134865296997  0.013396645080291451  0.20006258474345637  -0.7999374152565436  1.2000625847434563
18.340000465957587  18.345000003956045  0.013450336193486416  0.0023680697027776538  0.013383347105542526  0.028288478107428447  -0.9717115218925716  1.0282884781074284
18.345000003956045  18.35000064970201  0.014871778686852202  0.0024786297811420334  0.013370050813907125  0.6058701805209298  -0.3941298194790702  1.6058701805209297
18.35000064970201  18.35500078312228  0.012350387997040035  0.0022831309973490926  0.013356767444364807  -0.44078918314072457  -1.4407891831407245  0.5592108168592754
18.35500078312228  18.360000401149925  0.016460801083667948  0.002651814134904628  0.01334350459463814  1.1755335519176278  0.17553355191762776  2.1755335519176278
18.360000401149925  18.36499950071522  0.012850491153131138  0.002336011366956626  0.013330267206033886  -0.20538258490060507  -1.205382584900605  0.794617415099395
18.36499950071522  18.369999701049018  0.014761594343383146  0.0025382756387441374  0.013317055344902951  0.5691024947924525  -0.43089750520754755  1.5691024947924523
18.369999701049018  18.37499937853872  0.012787521444934226  0.002352839562925001  0.013303862861772505  -0.2194545794683826  -1.2194545794683826  0.7805454205316174
18.37499937853872  18.380000154176845  0.01918355442542716  0.0028515253230567738  0.013290684760444507  2.0665675374980093  1.0665675374980093  3.0665675374980093
18.380000154176845  18.38500040258  0.016544697838645105  0.0026653297364954112  0.013277526342264648  1.225803866457587  0.225803866457587  2.225803866457587
18.38500040258  18.39499930534737  0.012829032395394981  0.0016490511104792604  0.013257849153004311  -0.26003848812466746  -1.2600384881246676  0.7399615118753325
18.39499930534737  18.399999581144012  0.016299027277318735  0.0026505026615529074  0.013238274391556793  1.1547820457454934  0.15478204574549337  2.1547820457454936
18.399999581144012  18.410000145577996  0.011886375718921063  0.0015810047086366977  0.013218742689519737  -0.8427343469125885  -1.8427343469125885  0.15726565308741147
18.410000145577996  18.415000429795615  0.01605682573150576  0.002571149860356035  0.013199275435841576  1.1113900203656313  0.11139002036563128  2.111390020365631
18.415000429795615  18.42000016868086  0.015606882338751554  0.002531770632412876  0.013186325621363976  0.9560726735662828  -0.04392732643371722  1.9560726735662828
18.42000016868086  18.424999359132254  0.019058628823476916  0.0028245738125594784  0.01317339121925676  2.083584283778113  1.083584283778113  3.083584283778113
18.424999359132254  18.434999349921917  0.011694885865357302  0.0015656143756883458  0.013154003628824407  -0.9319777501567592  -1.9319777501567592  0.06802224984324079
18.434999349921917  18.440000147588208  0.010884572167404545  0.002123941173071321  0.013134654676471971  -1.0593902211583839  -2.0593902211583837  -0.05939022115838388
18.440000147588208  18.44500038793265  0.014189258262189848  0.0023984223983463016  0.013121772453926168  0.44507831856461394  -0.5549216814353861  1.4450783185646139
18.44500038793265  18.450000067840712  0.013724215597091615  0.002353683557091964  0.013108918669694427  0.2614187134643551  -0.7385812865356449  1.261418713464355
18.450000067840712  18.45499918419506  0.017175774011177446  0.0026421378740392005  0.013096098681506324  1.5440811661483311  0.5440811661483311  2.544081166148331
18.45499918419506  18.45999937211412  0.012296904379657287  0.002235378184970327  0.013083308447321484  -0.3517991152242697  -1.3517991152242697  0.6482008847757303
18.45999937211412  18.46500063113752  0.01711951559351144  0.00267029574786548  0.013070541664252344  1.5163016802523366  0.5163016802523366  2.5163016802523366
18.46500063113752  18.474999797039445  0.010729622750238527  0.0014766084245537  0.013051421972951449  -1.5723865475132157  -2.572386547513216  -0.5723865475132157
18.474999797039445  18.479999337674094  0.0152375072599405  0.0024634426386776435  0.013032379488394332  0.8951407014412411  -0.10485929855875886  1.8951407014412411
18.479999337674094  18.484999942224704  0.014699131183697655  0.0024319264482186302  0.013019711713676158  0.6905716541105346  -0.30942834588946544  1.6905716541105344
18.484999942224704  18.489999966653702  0.015249153921922803  0.0024418188646071026  0.0130070671273816  0.9182035682658888  -0.08179643173411122  1.9182035682658887
18.489999966653702  18.494999407822792  0.011908117206343351  0.00219103361067143  0.012994443212392357  -0.49580526777775413  -1.495805267777754  0.5041947322222459
18.494999407822792  18.499999907936836  0.015606286546931561  0.0024675705652773996  0.012981838125018685  1.0635758339976145  0.06357583399761446  2.0635758339976142
18.499999907936836  18.504999820284713  0.014732978073181083  0.0024136216027705964  0.012969247768826209  0.7307401882425516  -0.2692598117574484  1.7307401882425517
18.504999820284713  18.51000078884555  0.016213083680226184  0.002546686713518374  0.012956667365715645  1.2786874401255417  0.2786874401255417  2.278687440125542
18.51000078884555  18.514999517109448  0.012030079447381133  0.002186873730971074  0.01294409589452395  -0.4179557485182054  -1.4179557485182053  0.5820442514817946
18.514999517109448  18.51999929706563  0.012048976849407152  0.002190308972795956  0.0129315363947254  -0.4029383782287346  -1.4029383782287346  0.5970616217712654
18.51999929706563  18.525000128230513  0.016385337835937014  0.002550903821661697  0.01291899241683893  1.3588695072164867  0.3588695072164867  2.358869507216487
18.525000128230513  18.53000035943253  0.017984278116490202  0.002673259830462864  0.01290646568184183  1.8994833112683882  0.8994833112683882  2.899483311268388
18.53000035943253  18.53499998751243  0.010139019487483521  0.0020172231247562802  0.012893956082743928  -1.3657074229670327  -2.3657074229670325  -0.36570742296703274
18.53499998751243  18.540000661776965  0.0153806707579496  0.0024628784127543593  0.012881466326396323  1.0147494162159203  0.014749416215920297  2.0147494162159205
18.540000661776965  18.545000728375143  0.014912814115072129  0.002443083138212308  0.012868996050986046  0.83657327584096  -0.16342672415904003  1.8365732758409599
18.545000728375143  18.55000018413981  0.013057833543127426  0.002273077055047307  0.012856545172146218  0.08855325451209511  -0.9114467454879049  1.088553254512095
18.55000018413981  18.555000681044813  0.012188819528759928  0.0022157301084819525  0.012844114119709227  -0.2957465751089403  -1.2957465751089403  0.7042534248910597
18.555000681044813  18.560000562557647  0.011714514277380692  0.0021928101429725282  0.012831702918224505  -0.5094780523631556  -1.5094780523631557  0.4905219476368444
18.560000562557647  18.564999825503268  0.014718655083267279  0.00241973199018599  0.01281931080610701  0.7849399375069956  -0.21506006249300436  1.7849399375069956
18.564999825503268  18.570000124524668  0.0154444585304469  0.0024969003239170783  0.012806936786313302  1.0563183956001556  0.05631839560015561  2.0563183956001554
18.570000124524668  18.574999800405784  0.013377895172472383  0.0023453487602206036  0.012794580038837069  0.24871146821696827  -0.7512885317830318  1.2487114682169682
18.574999800405784  18.580000509570514  0.01710280673973923  0.002630913367282955  0.012782240699604795  1.642230448886445  0.642230448886445  2.642230448886445
18.580000509570514  18.585000591012744  0.014629216175128523  0.002454157352237309  0.012769919916655232  0.7576108584799099  -0.24238914152009006  1.75761085847991
18.585000591012744  18.590000041544403  0.01154304682843788  0.0021712966960234447  0.012757618527966497  -0.5593762021344236  -1.5593762021344237  0.44062379786557637
18.590000041544403  18.59500052026225  0.016891879956692137  0.002606473664475113  0.012745336576459293  1.590863332612213  0.590863332612213  2.590863332612213
18.59500052026225  18.600000363472894  0.01853349197500111  0.0027326143111752518  0.012733073768194374  2.1226626030191853  1.1226626030191853  3.1226626030191853
18.600000363472894  18.604999567980382  0.02058476803857922  0.0028824440718758803  0.012720829616399516  2.7282189093999984  1.7282189093999984  3.7282189093999984
18.604999567980382  18.609999795556377  0.01688192732638592  0.002628213916922892  0.012708604079046238  1.5878932915117514  0.5878932915117514  2.5878932915117514
18.609999795556377  18.614999379818176  0.015392836898348798  0.0024970478768841812  0.012696397455323787  1.0798509183530878  0.07985091835308777  2.0798509183530878
18.614999379818176  18.624999940891744  0.010206263860443003  0.001460968333588758  0.012678130166685663  -1.6919369499068517  -2.691936949906852  -0.6919369499068517
18.624999940891744  18.63499956683583  0.0106518956119868  0.001494467419979298  0.012653826924339511  -1.3395616964205508  -2.339561696420551  -0.3395616964205508
18.63499956683583  18.63999923157573  0.014923439021220172  0.00250351531340996  0.012635640292794887  0.9138345254653732  -0.08616547453462675  1.9138345254653732
18.63999923157573  18.649999925122124  0.011377540014878354  0.001540821353594651  0.012617511040490782  -0.8047467817859899  -1.80474678178599  0.1952532182140101
18.649999925122124  18.65499927804082  0.0134652624905444  0.002370697630535682  0.012599407329294649  0.36523222113910087  -0.6347677788608992  1.3652322211391008
18.65499927804082  18.659999638020167  0.014623394451959633  0.0024884201317858456  0.012587365634139083  0.8182013928489515  -0.18179860715104845  1.8182013928489515
18.659999638020167  18.664999329697704  0.014030311868576492  0.0024061786345690177  0.01257534262556133  0.6046804763835701  -0.39531952361642986  1.60468047638357
18.664999329697704  18.670000025567305  0.013642759613324293  0.002374899614254556  0.01256333836733577  0.45451236739003714  -0.5454876326099629  1.454512367390037
18.670000025567305  18.67500004846778  0.016464435513587023  0.002627686504907518  0.012551352858753043  1.4891740881287905  0.4891740881287905  2.4891740881287907
18.67500004846778  18.679999395164195  0.014420723457857356  0.0024637120594857855  0.012539386513448405  0.7636188397769232  -0.23638116022307676  1.7636188397769232
18.679999395164195  18.68499974083625  0.01413643718753536  0.0024243789766182616  0.012527440372369988  0.6636738029339559  -0.33632619706604405  1.663673802933956
18.68499974083625  18.689999405622533  0.014478708128561108  0.002473618464867986  0.012515516210132027  0.7936518692400089  -0.20634813075999114  1.793651869240009
18.689999405622533  18.6950000664947  0.013677187915581781  0.002408009276212043  0.012503615006203237  0.48736228758414524  -0.5126377124158548  1.4873622875841452
18.6950000664947  18.704999328261213  0.015097312887039777  0.001779235386686813  0.01248581261517043  1.4677654746583733  0.46776547465837326  2.467765474658373
18.704999328261213  18.709999605568715  0.017174109713138718  0.0027066989206897332  0.01246803131602823  1.7386781962107782  0.7386781962107782  2.7386781962107785
18.709999605568715  18.714999189346415  0.01395879285538483  0.002429913940236534  0.012456206927763154  0.6183700182712691  -0.38162998172873086  1.618370018271269
18.714999189346415  18.719999761049703  0.013907850987374442  0.0024486198768694707  0.012444398996500355  0.5976640166562277  -0.4023359833437723  1.5976640166562277
18.719999761049703  18.72499963450877  0.015669818001496735  0.0026022503783806696  0.012432606820600134  1.2440045000247262  0.24400450002472618  2.244004500024726
18.72499963450877  18.73000049297441  0.012309349830064537  0.0023154415119623845  0.01242083147586842  -0.04814703598770696  -1.048147035987707  0.951852964012293
18.73000049297441  18.73500064847224  0.014403402893309885  0.002525135947314678  0.012409074667069428  0.7897904381589036  -0.2102095618410964  1.7897904381589036
18.73500064847224  18.745000526711927  0.011035082063711515  0.0015750134121935023  0.01239149063137172  -0.8612044552504166  -1.8612044552504166  0.13879554474958344
18.745000526711927  18.750000244715817  0.01339627204658942  0.002435225502493822  0.01237391725018249  0.41981935363274475  -0.5801806463672552  1.4198193536327448
18.750000244715817  18.75499924847416  0.019148541535330098  0.002911366688748801  0.012362233275928483  2.330969948109875  1.3309699481098751  3.330969948109875
18.75499924847416  18.759999226628793  0.017041167722792988  0.002755039814914541  0.012350566599780772  1.7025529350318  0.7025529350318001  2.7025529350318003
18.759999226628793  18.765000178606062  0.01657197607080775  0.0027417829259555907  0.012338916105962472  1.5439077706598292  0.5439077706598292  2.543907770659829
18.765000178606062  18.770000410108064  0.011878561488147758  0.0023179014694844334  0.012327281713119413  -0.19358899887641184  -1.193588998876412  0.8064110011235881
18.770000410108064  18.774999917850785  0.014612538822928171  0.002572687470152224  0.012315667229009715  0.8927907569676751  -0.10720924303232493  1.892790756967675
18.774999917850785  18.78000039407549  0.011879978702406122  0.002350602903406553  0.012304082767299633  -0.18042352635525516  -1.1804235263552552  0.8195764736447448
18.78000039407549  18.789999157643226  0.009872063896312722  0.0015009601605373176  0.012286817609844364  -1.6088060009981902  -2.6088060009981904  -0.6088060009981902
18.789999157643226  18.795000834874905  0.01442194535394036  0.002579414105372514  0.01226965556569225  0.8344103351862847  -0.1655896648137153  1.8344103351862846
18.795000834874905  18.80000007816565  0.013458597603567853  0.002519280740885882  0.012258296970929356  0.47644576214099243  -0.5235542378590076  1.4764457621409925
18.80000007816565  18.80500028159521  0.012827694441265634  0.0024242063847081797  0.01224696797162098  0.23955323000048956  -0.7604467699995104  1.2395532300004897
18.80500028159521  18.809999743623877  0.017477239256981244  0.00283518258970985  0.01223565597904317  1.848763919813184  0.848763919813184  2.8487639198131838
18.809999743623877  18.819999835773103  0.012536976437766013  0.001725336030831896  0.012218729998219447  0.1844547577164543  -0.8155452422835456  1.1844547577164544
18.819999835773103  18.830000338999746  0.011963422179801533  0.0016830553993533188  0.012196211388880156  -0.13831345609186046  -1.1383134560918604  0.8616865439081396
18.830000338999746  18.834999460773012  0.017596729988682655  0.0028827741022786507  0.01217935890479931  1.8792215038983642  0.8792215038983642  2.879221503898364
18.834999460773012  18.839999531276145  0.016812263792634934  0.002802043965439156  0.012168148279391023  1.6574027997151912  0.6574027997151912  2.657402799715191
18.839999531276145  18.85000080786643  0.012054475206718637  0.0016958650813548516  0.012151369627412445  -0.05713568948326854  -1.0571356894832686  0.9428643105167315
18.85000080786643  18.85500030183245  0.012547740600561587  0.002448480517255492  0.012134615759707324  0.1687270280252571  -0.8312729719747429  1.168727028025257
18.85500030183245  18.860000738480405  0.0173742402675447  0.0028563075051843087  0.012123469450371143  1.8383072577596098  0.8383072577596098  2.8383072577596096
18.860000738480405  18.86500040628873  0.014805451262761954  0.002679198213491446  0.01211233679075341  1.005194187741325  0.005194187741325074  2.005194187741325
18.86500040628873  18.87500084750255  0.010640883294441418  0.0016076809456200079  0.012095669481425025  -0.9048973248996015  -1.9048973248996015  0.09510267510039849
18.87500084750255  18.87999990423052  0.011174862701508524  0.0024098374016938554  0.012079044219780143  -0.3752043675793544  -1.3752043675793544  0.6247956324206456
18.87999990423052  18.884999895126306  0.013765858244435462  0.002609294026183159  0.012067991615752045  0.6506996189950411  -0.34930038100495886  1.6506996189950411
18.884999895126306  18.890000819570115  0.014596677815088712  0.002621640727566533  0.012056956149825755  0.96875275035126  -0.03124724964874004  1.96875275035126
18.890000819570115  18.900000314818996  0.011196975669065572  0.0016415196719786582  0.012040436287529243  -0.5138291260603535  -1.5138291260603536  0.48617087393964653
18.900000314818996  18.905000597099104  0.016523794745878936  0.0027930310867480585  0.012023947229590473  1.611098257244126  0.6110982572441259  2.6110982572441257
18.905000597099104  18.91000008771387  0.016071026362030092  0.0027561582828761217  0.01201297986798278  1.4723561122232196  0.4723561122232196  2.4723561122232196
18.91000008771387  18.91500050329958  0.013135020132981113  0.0025156467139265557  0.012002025356410376  0.45037912927061935  -0.5496208707293806  1.4503791292706194
18.91500050329958  18.92000012232382  0.017536188548124807  0.002882931638507522  0.01199108349138704  1.9234257873726197  0.9234257873726197  2.9234257873726195
18.92000012232382  18.92500066323696  0.016015897706361117  0.0027770602474374326  0.011980155943294801  1.4532424230948342  0.4532424230948342  2.453242423094834
18.92500066323696  18.930000402683344  0.01365819298250076  0.0025691646956718093  0.011969246476341825  0.6573912949233076  -0.3426087050766924  1.6573912949233076
18.930000402683344  18.939999188250404  0.013503149012720367  0.0018002944477218197  0.011952925054472532  0.8610946727128796  -0.13890532728712035  1.8610946727128796
18.939999188250404  18.94499995490389  0.016093279713334185  0.002790477821611029  0.011936629418883954  1.4895837057936072  0.4895837057936072  2.489583705793607
18.94499995490389  18.9550007781946  0.01051323599558792  0.0015849299604465284  0.011920380860478655  -0.887827790506462  -1.887827790506462  0.11217220949353801
18.9550007781946  18.965000061984657  0.008094380138793386  0.0014436217666914696  0.01189877189482131  -2.635310608225953  -3.635310608225953  -1.6353106082259532
18.965000061984657  18.9749995156026  0.00866989076732828  0.0014449817945547132  0.011877220070644977  -2.2196330191862867  -3.2196330191862867  -1.2196330191862867
18.9749995156026  18.985000855636063  0.009372054556744417  0.0015151768520969013  0.011855716111125274  -1.6391892147399416  -2.6391892147399414  -0.6391892147399416
18.985000855636063  18.995000602224614  0.01007521975466187  0.0015825754218075445  0.011834277231552982  -1.1115157310366914  -2.1115157310366914  -0.11151573103669143
18.995000602224614  19.005000470061844  0.015349968335464984  0.001964154634362614  0.0118129062048674  1.8008063462607118  0.8008063462607118  2.800806346260712
