# Plot Type : plot_unfold 
# 
# X-axis    : \frWavelength (\A) 
# Y-Axis    : \frPhotons cm\u-2\d s\u-1\d \A\u-1\d 
# Residual  : \fr\gx 
# 
# Combined data comprised of data indices: 
# 
# Index-   1,  Model Plotted-      yes,  Data File: tgcat/obs_11072_tgid_4289/pha2.gz/part=2/order=-1,   Scale: 1.0000e+00 
# Index-   2,  Model Plotted-      yes,  Data File: tgcat/obs_11072_tgid_4289/pha2.gz/part=2/order=1,   Scale: 1.0000e+00 
# 
# Background included in data and model-    no 
# 
# XAXIS_COLS   :   1 set  (X 2 columns - bin_lo, bin_hi)
# DATA_COLS    :   1 set  (X 2 columns - Data, Error)
# MODEL_COLS   :   1 set  (X 1 column  - Value) 
# RESIDUAL_COLS:   1 set  (X 3 columns - Mean, Mean-1Sigma, Mean+1Sigma)
# 
#         X_LO          X_HI    DATA_VALUE    DATA_ERROR   MODEL_VALUE     RES_VALUE   RES_VAL-ERR   RES_VAL+ERR
15.99500016954246  16.000000189594406  0.016709489079440264  0.001742084662296288  0.01888206969374271  -1.2471154022093918  -2.247115402209392  -0.24711540220939177
16.000000189594406  16.004999642203746  0.019244423842648146  0.001882404027246945  0.018863969913325493  0.2021106647753371  -0.7978893352246629  1.202110664775337
16.004999642203746  16.00999975561844  0.017954296792222563  0.0018319406179708997  0.018845885838622973  -0.4866910191597552  -1.486691019159755  0.5133089808402448
16.00999975561844  16.015000528148228  0.01467470778419961  0.001648358773770196  0.018827821703197113  -2.5195448861526217  -3.5195448861526217  -1.5195448861526217
16.015000528148228  16.0199994905336  0.021163150544976157  0.001986335230844973  0.018809776903794217  1.1847817048388305  0.1847817048388305  2.1847817048388305
16.0199994905336  16.02500034011712  0.01865779972941425  0.0018885106742881168  0.018791749758599076  -0.07092892352081524  -1.0709289235208153  0.9290710764791847
16.02500034011712  16.03000060686211  0.019202117524540582  0.0019281698362547223  0.018773741789408948  0.22216701406537473  -0.7778329859346252  1.2221670140653746
16.03000060686211  16.035000286753693  0.020212243309506484  0.0019627230498806803  0.018755755119604412  0.742075245914402  -0.257924754085598  1.742075245914402
16.035000286753693  16.040000612638483  0.021130469500612245  0.0020009720931672805  0.01873778901560663  1.1957590479027178  0.1957590479027178  2.195759047902718
16.040000612638483  16.045000345169726  0.020493929668638482  0.001969698242467735  0.018719849849079914  0.9006860956203691  -0.09931390437963095  1.900686095620369
16.045000345169726  16.049999480320416  0.017534176056336476  0.0018255244666663764  0.018701943662113772  -0.6396888275673347  -1.6396888275673347  0.3603111724326653
16.049999480320416  16.05500049241931  0.01953644861407411  0.001943451105386626  0.018684072273466138  0.4385890328012142  -0.5614109671987858  1.438589032801214
16.05500049241931  16.05999966220626  0.024411156276256906  0.002168037979685469  0.01866622766332755  2.6498284009594766  1.6498284009594766  3.6498284009594766
16.05999966220626  16.064999464774587  0.018721904177888753  0.0019102623236177336  0.018648402134316774  0.03847746074621756  -0.9615225392537824  1.0384774607462175
16.064999464774587  16.069999898397903  0.018837183908715676  0.0019147703597493675  0.018630598171754175  0.10789060730423104  -0.8921093926957689  1.107890607304231
16.069999898397903  16.074999719077653  0.020828519632475943  0.002015634221545954  0.018612820801995122  1.0992564061456658  0.09925640614566578  2.099256406145666
16.074999719077653  16.080000165805217  0.02032440914398991  0.0019950699588085568  0.018595065994535337  0.8668082749776489  -0.1331917250223511  1.866808274977649
16.080000165805217  16.08499999302945  0.01753835727958709  0.001853677105700068  0.01857732503876614  -0.5604901500828906  -1.5604901500828907  0.4395098499171094
16.08499999302945  16.090000441280388  0.019441933568535928  0.0019441933568535926  0.0185595913614247  0.45383459623541567  -0.5461654037645843  1.4538345962354158
16.090000441280388  16.095000263453315  0.016472104412943292  0.001802426018020767  0.018541863206163956  -1.1483183068414935  -2.1483183068414933  -0.1483183068414935
16.095000263453315  16.099999455481544  0.01879892206452402  0.0019309317973371155  0.018524141155430374  0.1423048237501645  -0.8576951762498355  1.1423048237501645
16.099999455481544  16.105000507114895  0.017797622358101266  0.0018656977647700547  0.018506421667812484  -0.37991111052147186  -1.3799111105214719  0.6200888894785281
16.105000507114895  16.109999675869688  0.02065588181468627  0.0020204665742256838  0.018488698601022646  1.07261522724976  0.07261522724975999  2.07261522724976
16.109999675869688  16.114999452262715  0.01954658726744845  0.0019813069836939925  0.018470974018146364  0.5428806631957109  -0.45711933680428907  1.542880663195711
16.114999452262715  16.119999834535122  0.019164553092521127  0.001943302538336066  0.018453258938619085  0.3660233750896451  -0.6339766249103549  1.366023375089645
16.119999834535122  16.12499957091595  0.01671998006894556  0.0018266250986385586  0.018435562654729357  -0.9392089198065173  -1.9392089198065174  0.06079108019348267
16.12499957091595  16.129999908099272  0.017801074299388153  0.0018737326666231915  0.018417890885816898  -0.3291913501942425  -1.3291913501942425  0.6708086498057575
16.129999908099272  16.13499959275674  0.017852113416864407  0.0018714099798338869  0.018400249707541463  -0.2929001643593415  -1.2929001643593416  0.7070998356406585
16.13499959275674  16.139999873125866  0.017367103122561758  0.001856429483390527  0.01838263943786835  -0.5470373770685035  -1.5470373770685035  0.4529626229314965
16.139999873125866  16.144999494319972  0.016050542334871055  0.001801941589301626  0.01836505105405501  -1.2844526886584506  -2.2844526886584506  -0.28445268865845064
16.144999494319972  16.14999970612095  0.02052464140972719  0.002017302217015418  0.018347481181968914  1.0792434615867164  0.07924346158671636  2.0792434615867164
16.14999970612095  16.155000506747694  0.017141395533910166  0.00185071200096073  0.018329939147498142  -0.6422088433916165  -1.6422088433916167  0.35779115660838345
16.155000506747694  16.15999938353289  0.016949853936562332  0.001840789134899767  0.018312432504858405  -0.7402143691869764  -1.7402143691869765  0.25978563081302364
16.15999938353289  16.16500009868345  0.017548765428256115  0.001872993050961979  0.018294957315939706  -0.39839543841358244  -1.3983954384135824  0.6016045615864176
16.16500009868345  16.170000138748165  0.018595198623758094  0.0019228907424375127  0.018277505349456866  0.1652164978955132  -0.8347835021044868  1.1652164978955133
16.170000138748165  16.174999499601164  0.019792730433685995  0.0019840725114266206  0.018260074502750107  0.7724797970381896  -0.2275202029618104  1.7724797970381896
16.174999499601164  16.179999435663305  0.017543140912107884  0.0018801998619437735  0.018242667504340882  -0.37204906052371334  -1.3720490605237132  0.6279509394762867
16.179999435663305  16.184999945133946  0.020467757888222787  0.0020142476211176753  0.018225288569805355  1.1133036945939743  0.11330369459397427  2.1133036945939745
16.184999945133946  16.189999766102382  0.01866208817764523  0.0019298076697711751  0.01820793602761805  0.23533544670854706  -0.7646645532914529  1.2353354467085471
16.189999766102382  16.195000155312542  0.01962263129564882  0.0019843867074481763  0.018190607528221287  0.7216455149858605  -0.2783544850141395  1.7216455149858605
16.195000155312542  16.199999849290062  0.018903114922592446  0.0019443647782525957  0.01817329946607439  0.37534904184694196  -0.624650958153058  1.3753490418469418
16.199999849290062  16.205000106328573  0.017388784327992596  0.0018615331704489486  0.01815601530091864  -0.41215004121629856  -1.4121500412162986  0.5878499587837014
16.205000106328573  16.20999966138913  0.019641032324945466  0.0019936971343788336  0.01813875724021584  0.7535121853890226  -0.24648781461097735  1.7535121853890225
16.20999966138913  16.21499977431599  0.018075439796822683  0.0019153831576545733  0.01812152503912932  -0.024060586584184387  -1.0240605865841843  0.9759394134158156
16.21499977431599  16.220000443286203  0.016955617371729986  0.0018523679937340436  0.018104320943699022  -0.6201270891392662  -1.6201270891392663  0.3798729108607338
16.220000443286203  16.225000400912464  0.022906134490921683  0.0021543711170716813  0.01808713992100314  2.236845143221535  1.2368451432215348  3.236845143221535
16.225000400912464  16.22999964302566  0.01885080143047296  0.0019493221142013897  0.018069979805284124  0.4005605946294455  -0.5994394053705545  1.4005605946294455
16.22999964302566  16.234999432574245  0.021475314982717406  0.0020808070008246516  0.01805284334831914  1.6447809109840057  0.6447809109840057  2.6447809109840055
16.234999432574245  16.239999767722214  0.016955086784633533  0.001847134497900256  0.018035733111195728  -0.5850393286415415  -1.5850393286415416  0.4149606713584585
16.239999767722214  16.24499937794743  0.019436151778038414  0.0019935397682547032  0.01801864829314951  0.7110485115277601  -0.28895148847223995  1.71104851152776
16.24499937794743  16.249999528529276  0.021423743094331003  0.002078351438130712  0.01800158675878207  1.6465725058640015  0.6465725058640015  2.6465725058640013
16.249999528529276  16.25500021762244  0.018092911874072103  0.0019280852071444732  0.017984546257976807  0.05620374851368014  -0.9437962514863198  1.0562037485136802
16.25500021762244  16.260000172351383  0.020235971063940022  0.0020285040365384203  0.01796752785309192  1.1182838042161996  0.11828380421619955  2.1182838042161993
16.260000172351383  16.264999388519577  0.019411889382512915  0.0019938927704521154  0.017950536060786452  0.7329147000192502  -0.2670852999807498  1.7329147000192502
16.264999388519577  16.2700004071085  0.018081380350596706  0.0019218339207269523  0.017933570960721068  0.07691059476134417  -0.9230894052386558  1.0769105947613442
16.2700004071085  16.274999408486305  0.016496284135726104  0.0018603788008380395  0.017916628103232572  -0.7634703033955504  -1.7634703033955503  0.23652969660444956
16.274999408486305  16.28000020856533  0.014448090560478414  0.0017294586498463758  0.01789970685184215  -1.9957784429655687  -2.9957784429655687  -0.9957784429655687
16.28000020856533  16.285000257951552  0.0180310119702338  0.0019405533710202974  0.01788280952619985  0.07637122804616545  -0.9236287719538345  1.0763712280461655
16.285000257951552  16.28999955242895  0.01526637267367656  0.0017859924639261249  0.017865936136628326  -1.4555287972700501  -2.45552879727005  -0.45552879727005013
16.28999955242895  16.29499936428225  0.016927160269194767  0.0018800915698436692  0.017849087038785526  -0.49036269529543025  -1.4903626952954303  0.5096373047045697
16.29499936428225  16.299999691637236  0.02023082265856142  0.0020535648094408164  0.01783226371941223  1.1679976829181808  0.16799768291818085  2.167997682918181
16.299999691637236  16.305000532616905  0.020582051558210256  0.0020631960054771077  0.01781546145649183  1.340924514381589  0.3409245143815891  2.340924514381589
16.305000532616905  16.310000606485012  0.020682042150164524  0.002065562402564585  0.017798670673119556  1.3959256198045635  0.39592561980456353  2.3959256198045633
16.310000606485012  16.31499990900607  0.01903582248936303  0.001989845174150595  0.01778188143683804  0.6301701603795679  -0.36982983962043214  1.630170160379568
16.31499990900607  16.319999716365245  0.021560548202814785  0.0021191182258118767  0.017765089285826107  1.7910557659115793  0.7910557659115793  2.7910557659115796
16.319999716365245  16.325000026672466  0.014690008366131482  0.0017675941110381528  0.01774829856247454  -1.7301993581246131  -2.7301993581246133  -0.7301993581246131
16.325000026672466  16.32999955604027  0.01795132212066783  0.0019411843916990656  0.01773151523108692  0.11323339015131806  -0.8867666098486819  1.113233390151318
16.32999955604027  16.33499958299702  0.01691795589034791  0.001894002420963208  0.017714741983085227  -0.4206890571618745  -1.4206890571618744  0.5793109428381256
16.33499958299702  16.3400001056433  0.018594198087877434  0.0019928477180383318  0.017697981726882143  0.4497164298521935  -0.5502835701478065  1.4497164298521934
16.3400001056433  16.344999837726025  0.01524835147822619  0.001793838115539937  0.017681238495801194  -1.356246696119909  -2.356246696119909  -0.3562466961199089
16.344999837726025  16.350000060119005  0.020867875155412732  0.002110315083608492  0.017664514091341392  1.5179539249626248  0.5179539249626248  2.517953924962625
16.350000060119005  16.354999484990632  0.02019005579419662  0.0020686697096632956  0.017647808684119876  1.2289284742756392  0.22892847427563923  2.228928474275639
16.354999484990632  16.359999394779276  0.018816462363472945  0.001994541021450078  0.017631122543908133  0.5942920234867077  -0.40570797651329227  1.5942920234867077
16.359999394779276  16.36499978756964  0.018967267170241442  0.0020159930671475403  0.01761445488947945  0.6710401453295198  -0.32895985467048017  1.6710401453295198
16.36499978756964  16.369999373160937  0.020439016966010064  0.0020993942094265114  0.017597807135462856  1.3533474646113925  0.35334746461139255  2.3533474646113923
16.369999373160937  16.374999436340538  0.02015442277268579  0.0020759438374443107  0.0175811824091125  1.2395520134789386  0.23955201347893862  2.2395520134789386
16.374999436340538  16.37999997518379  0.015444832270065918  0.0018262823370784867  0.017564580099974827  -1.1606901007978212  -2.1606901007978214  -0.1606901007978212
16.37999997518379  16.3849996971185  0.016796714385951886  0.0018987323192445429  0.01754799583215751  -0.39567528218224035  -1.3956752821822405  0.6043247178177596
16.3849996971185  16.389999889283256  0.016970828558620258  0.0019152026940778574  0.01753142796980486  -0.29271022483315906  -1.292710224833159  0.707289775166841
16.389999889283256  16.395000549744065  0.018951962062476114  0.002039668873189148  0.01751488314918259  0.704564810584457  -0.29543518941554303  1.7045648105844569
16.395000549744065  16.400000383555085  0.018470316474084  0.0019973063512587668  0.017498369838280015  0.4866287213233139  -0.5133712786766861  1.486628721323314
16.400000383555085  16.404999386410935  0.021086491774872533  0.002127280559892081  0.017481894498699517  1.6944625660264954  0.6944625660264954  2.6944625660264956
16.404999386410935  16.41000014317421  0.019171933771012898  0.002029301531647178  0.01746544754927621  0.8409229457149917  -0.1590770542850083  1.8409229457149916
16.41000014317421  16.415000063514576  0.014375553634371279  0.0017722902794636893  0.017449017302011434  -1.734176225674618  -2.7341762256746183  -0.734176225674618
16.415000063514576  16.420000439279544  0.018127841384838413  0.0019748976587218763  0.017432601640359008  0.3520383658408675  -0.6479616341591325  1.3520383658408675
16.420000439279544  16.424999971562315  0.018085029201572254  0.001978917024207132  0.017416207209900877  0.3379737419457223  -0.6620262580542777  1.3379737419457223
16.424999971562315  16.42999995378176  0.02002203301828194  0.0020815948894019457  0.017399835523879505  1.2597059628426597  0.2597059628426597  2.2597059628426597
16.42999995378176  16.435000383978593  0.01547943333172336  0.0018397836726276816  0.017383480221056787  -1.0349297679188345  -2.0349297679188343  -0.03492976791883451
16.435000383978593  16.439999960866714  0.01703572190719984  0.0019225261005932483  0.017367136424932175  -0.17238492503694286  -1.172384925036943  0.8276150749630571
16.439999960866714  16.444999980224107  0.01553049560588494  0.0018364116433995862  0.017350807776260434  -0.9912331894202711  -1.991233189420271  0.008766810579728945
16.444999980224107  16.450000440082125  0.016908016278052326  0.0019260598092684525  0.017334503205914106  -0.2214297426328449  -1.2214297426328449  0.7785702573671551
16.450000440082125  16.455000036773168  0.019931795019755314  0.002080476306037603  0.017318228628780987  1.256234634054557  0.25623463405455693  2.256234634054557
16.455000036773168  16.46000006843652  0.01952934853574373  0.002052678420781119  0.017301983964260515  1.0851015672662552  0.08510156726625517  2.085101567266255
16.46000006843652  16.465000533094173  0.015718113003135872  0.001836438079338121  0.017285767401764483  -0.8536385823548236  -1.8536385823548236  0.1463614176451764
16.465000533094173  16.470000124694852  0.020007434787334973  0.0020852923091168765  0.017269576882495436  1.3129372284497718  0.3129372284497718  2.312937228449772
16.470000124694852  16.475000143741322  0.018441531060418414  0.0020081125485288576  0.017253411328482696  0.5916599310163823  -0.40834006898361774  1.5916599310163821
16.475000143741322  16.48000058824619  0.01751721926174354  0.0019401532625273445  0.017237271049730066  0.14429180282840137  -0.8557081971715986  1.1442918028284015
16.48000058824619  16.485000149772368  0.016756346427001252  0.0018852362628744123  0.017221158104789764  -0.2465535418249462  -1.2465535418249463  0.7534464581750537
16.485000149772368  16.490000131188246  0.012610957878908337  0.001648478547263649  0.01720507724855424  -2.786884534998527  -3.786884534998527  -1.786884534998527
16.490000131188246  16.49500053049705  0.0172699133575782  0.0019476253220667501  0.017189030882085163  0.04152876560837101  -0.958471234391629  1.041528765608371
16.49500053049705  16.500000036873733  0.014573381489788022  0.0017639507264032026  0.017173013159661167  -1.4737552647935603  -2.47375526479356  -0.47375526479356034
16.500000036873733  16.50499995555445  0.016339607945379385  0.0018620711405799154  0.017157015118781045  -0.43897741369166343  -1.4389774136916635  0.5610225863083366
16.50499995555445  16.510000284533053  0.018011718586970413  0.0019622469168731776  0.01714103240452924  0.44371897081566325  -0.5562810291843368  1.4437189708156632
16.510000284533053  16.51499971059438  0.018735241421382245  0.002019591150539598  0.017125064848231033  0.7972784851631979  -0.20272151483680212  1.797278485163198
16.51499971059438  16.51999954134452  0.01583558772257874  0.0018560874548090589  0.017109113516119014  -0.6861345839284742  -1.686134583928474  0.31386541607152585
16.51999954134452  16.52499977476792  0.015275699893726593  0.001819042460364426  0.01709317763160853  -0.999139809808412  -1.9991398098084119  0.0008601901915880061
16.52499977476792  16.530000408846213  0.01851418251074196  0.0020246391542424556  0.017077249876271995  0.7097228320705935  -0.2902771679294065  1.7097228320705935
16.530000408846213  16.535000127174243  0.02010091253259838  0.0020815030775813404  0.01706131647361481  1.4602890054409685  0.4602890054409685  2.4602890054409685
16.535000127174243  16.540000240521643  0.0196543010566416  0.0020658118711990524  0.0170453783456269  1.2629043076901354  0.2629043076901354  2.2629043076901354
16.540000240521643  16.544999430886502  0.019151072598955786  0.002030009635474102  0.017029440397663895  1.0451340546452093  0.045134054645209254  2.0451340546452093
16.544999430886502  16.550000327390865  0.017246198951897315  0.001951967170236991  0.017013514971307517  0.11920486375882403  -0.880795136241176  1.119204863758824
16.550000327390865  16.555000295256974  0.016089075410637883  0.001876410694015434  0.016997606665428835  -0.4841857156797259  -1.4841857156797258  0.5158142843202741
16.555000295256974  16.56000064842182  0.016983849452486825  0.0019289931818675678  0.01698171811293219  0.001104897401747536  -0.9988951025982524  1.0011048974017476
16.56000064842182  16.565000065687673  0.01874875503522271  0.0020274156278373904  0.016965849901150278  0.8793979436639864  -0.12060205633601362  1.8793979436639865
16.565000065687673  16.569999862576367  0.01856525551535038  0.0020194127422973364  0.016950002688133278  0.7998626498610418  -0.20013735013895817  1.799862649861042
16.569999862576367  16.575000037041338  0.017946526410641036  0.0020111973738574426  0.016934175811734446  0.5033571602994481  -0.4966428397005519  1.5033571602994482
16.575000037041338  16.580000587033204  0.017541252743352855  0.0019670919127057103  0.016918371735897043  0.3166506879686401  -0.6833493120313598  1.3166506879686402
16.580000587033204  16.585000188154655  0.016316693361920154  0.001893494414505036  0.016902588349076486  -0.3094252524159074  -1.3094252524159073  0.6905747475840927
16.585000188154655  16.59000015910065  0.018860318319483163  0.0020482694907137462  0.01688682572904364  0.9634926455658105  -0.03650735443418951  1.9634926455658106
16.59000015910065  16.595000497812403  0.016100087157437434  0.0018905944020421598  0.016871084691315975  -0.40780694846326315  -1.4078069484632632  0.5921930515367368
16.595000497812403  16.599999877490223  0.01601783294839661  0.0018747455438763174  0.016855365351404996  -0.44674457594744466  -1.4467445759474447  0.5532554240525553
16.599999877490223  16.604999619211274  0.018134065208167117  0.0020084732414073748  0.016839667577378644  0.6444684470286812  -0.3555315529713188  1.6444684470286812
16.604999619211274  16.609999720907357  0.016898708811154805  0.0019351492384064239  0.016823992111235215  0.03861030376195525  -0.9613896962380447  1.0386103037619552
16.609999720907357  16.61500018050744  0.01775481874067699  0.0019910414180996172  0.016808339232232437  0.4753690705982073  -0.5246309294017927  1.4753690705982074
16.61500018050744  16.61999966800557  0.015521049940530444  0.0018713429171715872  0.016792708224732892  -0.6795431625778546  -1.6795431625778545  0.32045683742214537
16.61999966800557  16.62499950765872  0.0174846574276656  0.0019917473547505704  0.01677709890780404  0.3552451158897949  -0.6447548841102051  1.355245115889795
16.62499950765872  16.629999697386467  0.015685611406304468  0.0018713571847418788  0.016761511761870785  -0.5749305179891235  -1.5749305179891235  0.42506948201087646
16.629999697386467  16.635000235105515  0.016658688897615886  0.001948877694314686  0.016745946241795352  -0.04477312477536018  -1.0447731247753602  0.9552268752246398
16.635000235105515  16.639999787599738  0.019581025575521396  0.0020873443398393456  0.016730401125778706  1.365670433639181  0.36567043363918095  2.365670433639181
16.639999787599738  16.644999682309845  0.01733248894750085  0.0019719364539841438  0.016714876511959437  0.3132009828681717  -0.6867990171318283  1.3132009828681717
16.644999682309845  16.649999917143152  0.01825784607895951  0.0020254448379135683  0.01669937340132036  0.7694471103170346  -0.2305528896829654  1.7694471103170346
16.649999917143152  16.65500049000412  0.020361502467635597  0.0021344654289698318  0.016683891715562196  1.7229657141124775  0.7229657141124775  2.7229657141124775
16.65500049000412  16.660000064462555  0.018832067185592646  0.00207889182182626  0.016668431265166213  1.040764073296381  0.04076407329638099  2.0407640732963808
16.660000064462555  16.664999971146788  0.018306071049767156  0.0020400737257802175  0.016652990545783595  0.8103042959152609  -0.18969570408473913  1.8103042959152609
16.664999971146788  16.670000207951873  0.020422321410279935  0.0021496438985165616  0.016637570435219094  1.760640903208499  0.7606409032084991  2.760640903208499
16.670000207951873  16.674999436034458  0.01865726975161423  0.0020571360173567404  0.016622170916633164  0.9892874451714716  -0.010712554828528398  1.9892874451714717
16.674999436034458  16.680000325953113  0.019369996257548358  0.0020978096770391612  0.016606792526275078  1.3171851391081648  0.3171851391081648  2.317185139108165
16.680000325953113  16.68500020132096  0.019293895357960607  0.0021078203063659147  0.016591435712307995  1.2821110212719766  0.2821110212719766  2.2821110212719766
16.68500020132096  16.690000396756353  0.01802637459638317  0.002034323844130362  0.016576099628237653  0.7129027034363271  -0.2870972965636729  1.7129027034363271
16.690000396756353  16.694999570195165  0.019822004337001452  0.002163939104136792  0.01656078394376958  1.5070758631781336  0.5070758631781336  2.507075863178134
16.694999570195165  16.70000039859976  0.014736343589119835  0.0018383511516433253  0.016545489359999544  -0.9841132741492229  -1.984113274149223  0.015886725850777106
16.70000039859976  16.705000199153034  0.018582801259838525  0.002070913245505641  0.01653021595872591  0.9911498251156579  -0.008850174884342143  1.9911498251156579
16.705000199153034  16.71000030966957  0.017760238798618898  0.0020206020280491765  0.0165149627516295  0.6162896155219983  -0.38371038447800165  1.6162896155219983
16.71000030966957  16.714999384860683  0.013673682601958002  0.0017762880074324722  0.016499729604887634  -1.59098467765626  -2.5909846776562597  -0.5909846776562599
16.714999384860683  16.72000010810012  0.016506951513389104  0.001945362891972496  0.016484517506015147  0.01153204241045753  -0.9884679575895424  1.0115320424104575
16.72000010810012  16.72499979013296  0.01969608989178497  0.002133126253683232  0.01646932639110662  1.5126922258383702  0.5126922258383702  2.51269222583837
16.72499979013296  16.729999771973816  0.014613376166638756  0.001848131216359198  0.016454155384970946  -0.9960219285503491  -1.996021928550349  0.0039780714496508995
16.729999771973816  16.73500005147809  0.01492944585451506  0.0018624405582065892  0.016439004169756785  -0.8105269768691751  -1.8105269768691752  0.18947302313082492
16.73500005147809  16.74000062649833  0.01605735191591346  0.0019669493646753255  0.016423871198171687  -0.18633895149544297  -1.186338951495443  0.813661048504557
16.74000062649833  16.74500014690203  0.014699203520796582  0.0018589856185181053  0.016408757277069082  -0.9196164506292802  -1.91961645062928  0.08038354937071979
16.74500014690203  16.749999956907814  0.017626961328128212  0.0020219511345002735  0.016393658068985906  0.6099570054382735  -0.39004299456172653  1.6099570054382735
16.749999956907814  16.755000054358813  0.016791179199415324  0.001995689186272286  0.01637856833461984  0.2067510650624884  -0.7932489349375116  1.2067510650624884
16.755000054358813  16.76000043709529  0.016998158959681427  0.001989484024863299  0.016363482852447153  0.319015432796895  -0.680984567203105  1.319015432796895
16.76000043709529  16.764999751750576  0.019248163139777272  0.002131867276152393  0.01634840148204369  1.360198024600803  0.36019802460080297  2.3601980246008027
16.764999751750576  16.76999934575105  0.01583663212139596  0.0019310504633815646  0.01633333078328566  -0.25721682126312945  -1.2572168212631294  0.7427831787368706
16.76999934575105  16.775000569743955  0.015633279924389107  0.0019487327076618838  0.01631827752131339  -0.3515092625227974  -1.3515092625227973  0.6484907374772027
16.775000569743955  16.77999936310806  0.01665993936388866  0.002004628562046794  0.016303244038826235  0.1779358689263756  -0.8220641310736244  1.1779358689263757
16.77999936310806  16.784999782117715  0.016162582496971604  0.0019563063765305607  0.01628823059569783  -0.06422720910875751  -1.0642272091087575  0.9357727908912425
16.784999782117715  16.790000471778782  0.01590047626573345  0.0019495265339112347  0.016273237018052864  -0.19120578552555897  -1.191205785525559  0.808794214474441
16.790000471778782  16.795000073866415  0.016109394882673017  0.0019711305467485897  0.016258259903003485  -0.07552265910343785  -1.075522659103438  0.9244773408965622
16.795000073866415  16.799999940626186  0.01519477719351899  0.0019174928027550307  0.01624330437709227  -0.5468219656766216  -1.5468219656766216  0.45317803432337844
16.799999940626186  16.805000069870943  0.016821900674612134  0.001996392317658849  0.016228369711261462  0.2973017668424505  -0.7026982331575495  1.2973017668424505
16.805000069870943  16.81000045941067  0.018396722455428803  0.00210307122978285  0.016213456202563547  1.0381323380524243  0.03813233805242433  2.0381323380524243
16.81000045941067  16.814999747776714  0.01563643543329475  0.0019356345770884082  0.01619856329318323  -0.2904101148751091  -1.290410114875109  0.709589885124891
16.814999747776714  16.820000650516242  0.013759645762844743  0.0018184026810929227  0.01618369111663156  -1.3330630112852022  -2.333063011285202  -0.3330630112852022
16.820000650516242  16.825000446070135  0.017963619812953892  0.002091203683910021  0.016168839696986195  0.8582521778136475  -0.1417478221863525  1.8582521778136476
16.825000446070135  16.830000491511854  0.01704113468686929  0.0020398500178301286  0.016154008284297333  0.43489785759623173  -0.5651021424037683  1.4348978575962317
16.830000491511854  16.834999422125104  0.018151027311974554  0.002092321667233636  0.016139196887153855  0.9615301778529312  -0.038469822147068844  1.9615301778529313
16.834999422125104  16.839999959914568  0.017044362384371806  0.002022793665338171  0.016124406116604057  0.45479491236885417  -0.5452050876311458  1.4547949123688542
16.839999959914568  16.84499937683722  0.01653525148619788  0.002001413940256541  0.016109635894013714  0.21265745362481622  -0.7873425463751837  1.2126574536248163
16.84499937683722  16.85000039812973  0.01650621136145577  0.002008755483850388  0.016094885951977788  0.20476629076305186  -0.7952337092369481  1.2047662907630519
16.85000039812973  16.85500029250451  0.017140297086240673  0.002034179019794398  0.016080156333665805  0.5211639399771318  -0.47883606002286816  1.5211639399771317
16.85500029250451  16.8600004218715  0.015419547209119441  0.0019387243337193841  0.016065447159536936  -0.3331571895929929  -1.3331571895929928  0.6668428104070071
16.8600004218715  16.86499941663607  0.01460123343961808  0.0019042032684839848  0.016050757470832986  -0.7612233710579295  -1.7612233710579295  0.23877662894207052
16.86499941663607  16.870000008504057  0.016328376340259312  0.0020130440732927433  0.016036088096527297  0.14519714079280932  -0.8548028592071907  1.1451971407928094
16.870000008504057  16.874999459692326  0.01860918907910203  0.002141396110704579  0.016021439561866142  1.208440374155927  0.2084403741559271  2.208440374155927
16.874999459692326  16.880000505144515  0.0197414546337229  0.0021934949593025443  0.01600681239166884  1.7025989625440257  0.7025989625440257  2.702598962544026
16.880000505144515  16.88500040382712  0.015568928306486405  0.001957506285029765  0.015992207392102015  -0.2162338322245418  -1.2162338322245418  0.7837661677754582
16.88500040382712  16.890000522495278  0.016032493063276376  0.002025518398923627  0.0159776267773976  0.027087527769647884  -0.9729124722303522  1.0270875277696478
16.890000522495278  16.894999486667334  0.017911745778233464  0.002096411274169893  0.015963075777935137  0.9295265792109119  -0.07047342078908814  1.9295265792109118
16.894999486667334  16.90000003776764  0.020680690399341145  0.0022829633656643537  0.015948558045027154  2.0728025799647107  1.0728025799647107  3.0728025799647107
16.90000003776764  16.90499942825562  0.018734292218515077  0.002159556282960138  0.015934066486786996  1.2966671690027767  0.2966671690027767  2.2966671690027765
16.90499942825562  16.910000402799152  0.01834764644205951  0.002143661709754562  0.015919584762843685  1.1326701728015776  0.13267017280157756  2.1326701728015776
16.910000402799152  16.915000210601566  0.01571761224354426  0.001992007572635249  0.0159050990326561  -0.09411951625455338  -1.0941195162545534  0.9058804837454466
16.915000210601566  16.92000022327181  0.014882227597994608  0.0019698343318897116  0.015890604964381234  -0.5119097327434965  -1.5119097327434965  0.4880902672565035
16.92000022327181  16.92500043855063  0.017006382290917905  0.002077660274992349  0.015876107606247657  0.5440132336719057  -0.4559867663280943  1.5440132336719057
16.92500043855063  16.929999476244063  0.017032972381879133  0.002092540706633739  0.015861620073817785  0.5597751596171808  -0.44022484038281917  1.559775159617181
16.929999476244063  16.93500008913667  0.017233418558166548  0.002124622214001432  0.01584715616504626  0.652474771272139  -0.34752522872786096  1.652474771272139
16.93500008913667  16.939999518282466  0.018962577834563937  0.0022155077028851024  0.015832720756062613  1.4127042187330368  0.41270421873303675  2.4127042187330368
16.939999518282466  16.9450005197163  0.01746934598559211  0.0021301365341987208  0.01581831176226656  0.7750837548761208  -0.2249162451238792  1.7750837548761207
16.9450005197163  16.95000033122933  0.014410616010933998  0.0019385870184777788  0.01580392934900904  -0.718726229359105  -1.718726229359105  0.281273770640895
16.95000033122933  16.955000330104387  0.017035020204432465  0.0021087654069090653  0.01578957576730005  0.5906035982247709  -0.40939640177522907  1.5906035982247708
16.955000330104387  16.9600005140613  0.013181133191291916  0.0018592965031775936  0.015775248001073633  -1.3952130848136908  -2.3952130848136908  -0.3952130848136908
16.9600005140613  16.964999497181996  0.019987843331721718  0.002288900307888373  0.015760939098802853  1.8466965198752576  0.8466965198752576  2.8466965198752576
16.964999497181996  16.97000004363483  0.015997486947325956  0.002068785543170827  0.015746644552219306  0.12125103828895809  -0.8787489617110419  1.121251038288958
16.97000004363483  16.974999383044857  0.017941975312753277  0.0021834835414145685  0.01573236486320552  1.0119656995977444  0.011965699597744406  2.011965699597744
16.974999383044857  16.980000282837384  0.015431544316301076  0.00202177465185313  0.015718105202606726  -0.141737302939767  -1.141737302939767  0.8582626970602329
16.980000282837384  16.984999969367937  0.013764172440843814  0.0019311217804843385  0.01570386982791006  -1.004440738366978  -2.004440738366978  -0.004440738366978003
16.984999969367937  16.989999825604947  0.015984340655790262  0.002071819097821781  0.015689659965552993  0.14223282841010615  -0.8577671715898938  1.1422328284101062
16.989999825604947  16.99499984924733  0.01636530684121378  0.002090954355905151  0.015675475318489663  0.3299122818132939  -0.6700877181867061  1.3299122818132938
16.99499984924733  17.000000037991118  0.01568744564913672  0.0020423314651319734  0.015661313491123194  0.012795257997866908  -0.987204742002133  1.012795257997867
17.000000037991118  17.005000389529474  0.015605903082160569  0.0020576219555596023  0.015647175235226327  -0.020058180733463347  -1.0200581807334634  0.9799418192665367
17.005000389529474  17.009999510567678  0.016588363359922392  0.0021401939657673006  0.015633069310135056  0.44635863153872835  -0.5536413684612717  1.4463586315387285
17.009999510567678  17.015000179945176  0.01642350196036434  0.002123877522165701  0.015619003142650257  0.37878776403911474  -0.6212122359608853  1.3787877640391146
17.015000179945176  17.019999612558212  0.015504997230619301  0.002049059185130318  0.015604976106222919  -0.04879257579729691  -1.048792575797297  0.9512074242027031
17.019999612558212  17.025000590511922  0.01840325429399959  0.0022396197831602523  0.015590976766969597  1.2556941799566004  0.2556941799566004  2.2556941799566004
17.025000590511922  17.030000325424293  0.01740116460469398  0.0021707862084019446  0.015576979925666716  0.8403336413170605  -0.15966635868293955  1.8403336413170606
17.030000325424293  17.035000207591423  0.018278685619890524  0.00221661622083139  0.0155629574851243  1.225168393718436  0.2251683937184361  2.225168393718436
17.035000207591423  17.04000023468555  0.01579672922953622  0.0020696196105743432  0.015548897094814225  0.11974767414057257  -0.8802523258594275  1.1197476741405725
17.04000023468555  17.04500040437602  0.015736193812781747  0.002074800651756844  0.015534790491159535  0.09707116751273011  -0.9029288324872699  1.09707116751273
17.04500040437602  17.04999931679469  0.01022725355246686  0.0016590796055458137  0.015520604101706663  -3.1905343972318696  -4.19053439723187  -2.1905343972318696
17.04999931679469  17.054999763854546  0.009022477703953462  0.0015817777891001272  0.015506272200038782  -4.09905521544461  -5.09905521544461  -3.0990552154446096
17.054999763854546  17.06000034650129  0.016707784996890875  0.0021218908164970184  0.015491709315947906  0.5731094510086812  -0.42689054899131884  1.5731094510086812
17.06000034650129  17.064999662397984  0.01590975284367717  0.002071273396692396  0.01547681121362607  0.20902196240364046  -0.7909780375963595  1.2090219624036405
17.064999662397984  17.070000508368494  0.013694764358272295  0.001931747985066917  0.015461321468867447  -0.9144863223625707  -1.9144863223625705  0.08551367763742934
17.070000508368494  17.075000081254412  0.015527576979148245  0.002065320237073956  0.015444459190892039  0.04024450386152379  -0.9597554961384762  1.0402445038615238
17.075000081254412  17.07999977869894  0.016417122321699652  0.0021149069965363332  0.015424961595989165  0.4691273551675729  -0.530872644832427  1.469127355167573
17.07999977869894  17.08499959834762  0.017918580572825894  0.002226066273666676  0.015401952261071734  1.130527128291146  0.130527128291146  2.130527128291146
17.08499959834762  17.08999953784311  0.017935217605764192  0.0022281330714663374  0.01537556393427882  1.1487885101049475  0.14878851010494754  2.1487885101049473
17.08999953784311  17.0949995948252  0.013414937812609199  0.0019257439050086832  0.015346014784727292  -1.0027693542716343  -2.002769354271634  -0.0027693542716342723
17.0949995948252  17.099999766930797  0.014312905080237777  0.001979934008283968  0.015311968345285929  -0.5045942242863196  -1.5045942242863197  0.4954057757136804
17.099999766930797  17.105000051793926  0.016030567706977278  0.002087002152175735  0.015270738148439279  0.3640770364064379  -0.6359229635935622  1.3640770364064378
17.105000051793926  17.110000447045728  0.017346560915917082  0.0021810108793687767  0.01522056153474512  0.9747770638298067  -0.025222936170193333  1.9747770638298068
17.110000447045728  17.114999542103806  0.012603698738988258  0.0018828859751864966  0.015162244073436835  -1.3588424196505882  -2.358842419650588  -0.35884241965058816
17.114999542103806  17.12000015019186  0.016784686304460283  0.0021575131413743747  0.01509865318271875  0.7814706151302969  -0.21852938486970308  1.781470615130297
17.12000015019186  17.12499945168777  0.013532613585876253  0.0019426365561338451  0.015033624568195089  -0.7726669085781476  -1.7726669085781475  0.22733309142185243
17.12499945168777  17.13000026310106  0.01903357615009451  0.002299367014342771  0.014971268282690917  1.7667070293972718  0.7667070293972718  2.7667070293972715
17.13000026310106  17.134999761511228  0.013580628268457174  0.001949529169820104  0.014915355113061319  -0.6846406123419578  -1.684640612341958  0.31535938765804217
17.134999761511228  17.139999354388078  0.015871662040366028  0.002097515653061857  0.014868253804551848  0.4783793791237984  -0.5216206208762015  1.4783793791237985
17.139999354388078  17.145000452493495  0.017962794764777443  0.00224897290999114  0.014829780619540909  1.393086653608859  0.3930866536088591  2.393086653608859
17.145000452493495  17.15000022795578  0.015368602817842955  0.0020674600879195424  0.014796521555839192  0.27670728220898366  -0.7232927177910163  1.2767072822089838
17.15000022795578  17.155000090706988  0.014076788132426514  0.0019711446068918694  0.014762299944883962  -0.34777347641600626  -1.3477734764160063  0.6522265235839937
17.155000090706988  17.16000003834868  0.015960697131530765  0.0021092820639717455  0.0147188629961043  0.5887473072653494  -0.4112526927346506  1.5887473072653493
17.16000003834868  17.165000068479543  0.0163294421061942  0.00216138988233397  0.014657399285468171  0.7735961171986588  -0.22640388280134116  1.7735961171986587
17.165000068479543  17.170000178695375  0.012957449560193951  0.0019051209652731736  0.014571452814935954  -0.8471920073120244  -1.8471920073120245  0.15280799268797562
17.170000178695375  17.175000366589096  0.01159071734104495  0.0018044671910382262  0.014459253958233095  -1.5896862139885695  -2.5896862139885695  -0.5896862139885695
17.175000366589096  17.18000062975074  0.013350095091137031  0.0019269202486437665  0.014323339695923755  -0.5050777817461447  -1.5050777817461447  0.4949222182538553
17.18000062975074  17.18499954601413  0.011078028534371646  0.0017680281485273122  0.014169464523006605  -1.7485219289127185  -2.7485219289127185  -0.7485219289127185
17.18499954601413  17.18999995164385  0.014033791521529995  0.002008857110314291  0.014007383787654008  0.013145650698797187  -0.9868543493012029  1.0131456506987973
17.18999995164385  17.195000425294047  0.0158812359255382  0.002117350581689417  0.013852837573252322  0.957988898875421  -0.04201110112457895  1.957988898875421
17.195000425294047  17.199999542310348  0.01226919865870966  0.0018654233756645005  0.013726691786802697  -0.7813202874515551  -1.781320287451555  0.21867971254844487
17.199999542310348  17.20500014390704  0.01630022839773338  0.0021403248457051213  0.01364943363325642  1.2385011414487723  0.23850114144877232  2.238501141448772
17.20500014390704  17.20999938236372  0.014505495539615334  0.0020406830618118978  0.013634795352954462  0.42667095295424623  -0.5733290470457537  1.4266709529542463
17.20999938236372  17.215000102196846  0.012066072546686558  0.00185611590172056  0.013686958421883957  -0.8732675980497178  -1.8732675980497178  0.12673240195028224
17.215000102196846  17.219999452371322  0.012090544322621969  0.0018598803787101775  0.013800692532205843  -0.9194936562371062  -1.919493656237106  0.08050634376289378
17.219999452371322  17.22500028070776  0.012894169235632948  0.001932302693690379  0.013963100637910899  -0.5531904529080113  -1.5531904529080114  0.4468095470919887
17.22500028070776  17.229999732854377  0.014765024591485572  0.0020475405095418454  0.014157672693255841  0.2966250950344479  -0.7033749049655521  1.296625095034448
17.229999732854377  17.23500065993794  0.016575478771975714  0.002199379449188116  0.014367965758633212  1.003698117738341  0.0036981177383410557  2.003698117738341
17.23500065993794  17.240000204287973  0.015044010327358066  0.002081069321785556  0.014577113030341265  0.22435451434948092  -0.7756454856505191  1.224354514349481
17.240000204287973  17.24499979065481  0.018656565518947534  0.0023358341745938938  0.014766431365053482  1.665415377600761  0.665415377600761  2.6654153776007607
17.24499979065481  17.249999416587368  0.013620899783780914  0.001996876337900838  0.014920947021588549  -0.6510404340682777  -1.6510404340682778  0.3489595659317223
17.249999416587368  17.255000510974718  0.015970289536631977  0.0021628016882624373  0.015038186360899422  0.4309702460429438  -0.5690297539570561  1.4309702460429439
17.255000510974718  17.26000020950355  0.017191929303616724  0.002247293735750606  0.015127120671571358  0.9187978407974823  -0.08120215920251772  1.9187978407974824
17.26000020950355  17.26499994022781  0.018793430656618502  0.0023444706403582924  0.015196384264407125  1.5342680476739352  0.5342680476739352  2.534268047673935
17.26499994022781  17.269999700684888  0.018293433899593998  0.0023184602274725916  0.015247169338607277  1.313917109679093  0.3139171096790929  2.313917109679093
17.269999700684888  17.27499948840929  0.01543470955200361  0.0021351155603059222  0.015277954202724153  0.07341773541147228  -0.9265822645885278  1.0734177354114722
17.27499948840929  17.279999300932626  0.01965271751858648  0.0024009615793371356  0.015291300275104213  1.8165293776530895  0.8165293776530895  2.8165293776530893
17.279999300932626  17.285000572108142  0.014391147066873965  0.002097118528722709  0.015293422347052872  -0.430245247381633  -1.430245247381633  0.5697547526183671
17.285000572108142  17.29000042764374  0.016886383718665052  0.0022460548784906547  0.015289756329056704  0.7108585835984917  -0.28914141640150826  1.7108585835984917
17.29000042764374  17.29500030055607  0.01335130644207455  0.002000808654737651  0.015282877450459536  -0.9653951685041348  -1.9653951685041346  0.03460483149586524
17.29500030055607  17.30000018836521  0.01538810742946477  0.0021437488990926966  0.015273677489317353  0.05337842514850902  -0.946621574851491  1.053378425148509
17.30000018836521  17.305000088588365  0.01661721213331412  0.0022154739052739516  0.015262840132751577  0.6113238333967517  -0.38867616660324833  1.6113238333967517
17.305000088588365  17.309999998739844  0.015800783557449568  0.0021502142917727675  0.015251054329641219  0.2556625308983132  -0.7443374691016869  1.2556625308983131
17.309999998739844  17.31499991633108  0.012431263801567137  0.0019290139249318766  0.015238783419324458  -1.4554169783178046  -2.4554169783178046  -0.4554169783178046
17.31499991633108  17.319999838870608  0.0134515319486188  0.001983320183784451  0.015226242699240989  -0.8948180758367487  -1.8948180758367488  0.10518192416325134
17.319999838870608  17.324999763864096  0.01608458938731014  0.002207648371373113  0.015213517077669932  0.394570222747211  -0.605429777252789  1.394570222747211
17.324999763864096  17.32999968881432  0.014477911862987691  0.002078336210743329  0.015200652636799351  -0.34774969038968356  -1.3477496903896835  0.6522503096103165
17.32999968881432  17.334999611221168  0.01543199562064449  0.0021347401365213064  0.015187676146279968  0.1144492812894107  -0.8855507187105893  1.1144492812894107
17.334999611221168  17.339999528581647  0.011998166477162201  0.0019186333394430617  0.015174598389461889  -1.6555700596872447  -2.6555700596872445  -0.6555700596872447
17.339999528581647  17.34499943838988  0.01748529523321783  0.0022714378513315437  0.015161412777416476  1.0230887252491037  0.02308872524910366  2.023088725249104
17.34499943838988  17.349999338137106  0.016095813406024177  0.002170359036915102  0.01514807812592243  0.43667211921251364  -0.5633278807874864  1.4366721192125136
17.349999338137106  17.355000673293283  0.01580424590535686  0.002150685457644148  0.0151344700812937  0.311424351563166  -0.6885756484368339  1.311424351563166
17.355000673293283  17.3600005462151  0.013683034765640164  0.002011803038822139  0.015120298001841156  -0.7144154812702113  -1.7144154812702113  0.28558451872978874
17.3600005462151  17.365000401532562  0.008925441894813877  0.0016422363706006197  0.015105063423377705  -3.762930622650709  -4.762930622650709  -2.762930622650709
17.365000401532562  17.37000023672536  0.0140361118493211  0.002025938238645308  0.015088238504173623  -0.5193280993383356  -1.5193280993383356  0.48067190066166443
17.37000023672536  17.375000049270312  0.016722535751999803  0.0022386744661482276  0.01506950273681514  0.7383981191462833  -0.2616018808537167  1.7383981191462832
17.375000049270312  17.379999836641357  0.01647980746310292  0.0022116213050433963  0.015048446602544084  0.6471997974041712  -0.3528002025958288  1.6471997974041712
17.379999836641357  17.384999596309537  0.017987410224879957  0.002298206451372353  0.015023588807639576  1.289623660864133  0.28962366086413294  2.289623660864133
17.384999596309537  17.389999325743023  0.015134035527201415  0.0020987131191545533  0.014991789058467372  0.06777794803672173  -0.9322220519632782  1.0677779480367218
17.389999325743023  17.395000477070997  0.012295079044201416  0.0019245982943644822  0.014948849703991763  -1.3788699010910448  -2.378869901091045  -0.3788699010910448
17.395000477070997  17.40000013926436  0.010991029777994044  0.001800599089816841  0.01489002661512452  -2.165388652688415  -3.165388652688415  -1.165388652688415
17.40000013926436  17.40499976361045  0.014137331793937481  0.002050676139293643  0.014810556564875912  -0.3282940480159506  -1.3282940480159506  0.6717059519840494
17.40499976361045  17.409999347565897  0.012260193238378823  0.0018917888878644405  0.014706833215710223  -1.293294401413525  -2.293294401413525  -0.29329440141352503
17.409999347565897  17.41500034659527  0.011915223126149647  0.0018778802982581486  0.014577842551067826  -1.4178855954705554  -2.4178855954705556  -0.41788559547055537
17.41500034659527  17.419999842965037  0.013766069734285808  0.002007987644751023  0.014425885683026204  -0.32859562182326496  -1.3285956218232648  0.671404378176735
17.419999842965037  17.424999291296977  0.014890819972401341  0.002100460491699141  0.014256808388868622  0.3018440889691971  -0.6981559110308029  1.3018440889691971
17.424999291296977  17.43000014955971  0.013667936478477822  0.0020256491971907065  0.014079436734416811  -0.2031448764720382  -1.2031448764720383  0.7968551235279618
17.43000014955971  17.434999494986357  0.014059433475854158  0.0020451595272561953  0.013905067303830019  0.07547879271366072  -0.9245212072863392  1.0754787927136606
17.434999494986357  17.44000024690194  0.01578056547080697  0.0021774024060739004  0.013745810592825177  0.9344872919703816  -0.06551270802961839  1.9344872919703815
17.44000024690194  17.444999479181533  0.011672234130606815  0.001880382042818301  0.013611004338085406  -1.0310512243420376  -2.0310512243420376  -0.031051224342037553
17.444999479181533  17.4500001144976  0.011101764021614762  0.0018367530168034924  0.013504138770750124  -1.3079465378073651  -2.307946537807365  -0.30794653780736514
17.4500001144976  17.45500068808162  0.01571974992257766  0.0021592737144976283  0.013421969717582796  1.064144943536935  0.06414494353693501  2.064144943536935
17.45500068808162  17.459999731806437  0.015083366393721504  0.0021276206279626326  0.013352201906967287  0.813662202745207  -0.18633779725479305  1.813662202745207
17.459999731806437  17.465000173369372  0.016903103625488095  0.002253590149791451  0.013273366750114854  1.6106464060064958  0.6106464060064958  2.610646406006496
17.465000173369372  17.470000545476843  0.008881701485066829  0.0016418988113452574  0.013159993292195154  -2.6056976091133106  -3.6056976091133106  -1.6056976091133106
17.470000545476843  17.474999377473893  0.01152202552163259  0.0018807339443436752  0.012989716884778355  -0.7803822372429982  -1.780382237242998  0.21961776275700184
17.474999377473893  17.479999602086814  0.013350615795877587  0.00202354541667702  0.012749937937425014  0.29684426823440524  -0.7031557317655948  1.2968442682344052
17.479999602086814  17.48499974949491  0.010225537427651882  0.0017536652011640671  0.012443571639264723  -1.2647991247933361  -2.264799124793336  -0.2647991247933361
17.48499974949491  17.48999981710938  0.011909766138521292  0.001918648146571802  0.012087767908809565  -0.09277457704077896  -1.092774577040779  0.907225422959221
17.48999981710938  17.494999802338516  0.010199606705932195  0.0017685504017230704  0.011707852973456286  -0.8528149755045893  -1.8528149755045893  0.1471850244954107
17.494999802338516  17.499999702587758  0.013250828118427503  0.0020146714717574495  0.011334133311178588  0.9513684161998548  -0.048631583800145206  1.9513684161998548
17.499999702587758  17.504999515259637  0.011990858067047248  0.0019317119529101165  0.010999743515756963  0.513075745996796  -0.48692425400320405  1.513075745996796
17.504999515259637  17.510000711715193  0.013160358674428744  0.0020352876885599423  0.01073565547221174  1.1913319261183126  0.19133192611831262  2.1913319261183126
17.510000711715193  17.51500034227031  0.008234076188238314  0.0015846487012690926  0.010568109375385382  -1.47290259682024  -2.47290259682024  -0.47290259682024005
17.51500034227031  17.519999877438632  0.012302637763872274  0.001974714971281259  0.010519250038100197  0.9031114625190473  -0.09688853748095272  1.9031114625190473
17.519999877438632  17.524999314611183  0.015314560497975778  0.0021658059158020607  0.010603896117986226  2.1750168589067953  1.1750168589067953  3.1750168589067953
17.524999314611183  17.530000128506423  0.011359913739866645  0.0018675583147102902  0.0108233644347504  0.2872998936043808  -0.7127001063956192  1.2872998936043807
17.530000128506423  17.534999362691696  0.014008813996764029  0.0020993418441064724  0.011163906338939782  1.3551426442581604  0.35514264425816044  2.3551426442581604
17.534999362691696  17.539999970053454  0.01266142923849037  0.00197738303506143  0.011602872647783424  0.5353320888959996  -0.4646679111040004  1.5353320888959996
17.539999970053454  17.545000470641543  0.011695396254039583  0.0019159915199423979  0.012113669728245444  -0.21830653729534102  -1.218306537295341  0.781693462704659
17.545000470641543  17.549999381129897  0.015149574370069105  0.0021807874132893494  0.012664548062912236  1.1395087352455997  0.1395087352455997  2.1395087352455997
17.549999381129897  17.554999659455735  0.01449159534337786  0.002147719117626098  0.013218336350376112  0.5928424171262663  -0.4071575828737337  1.5928424171262663
17.554999659455735  17.559999823130887  0.018358049601021515  0.002405192803781831  0.01373829534893219  1.9207417570954828  0.9207417570954828  2.920741757095483
17.559999823130887  17.564999869523994  0.017390440778260713  0.0023551279879279238  0.014195010886219007  1.3567967042220457  0.3567967042220457  2.3567967042220457
17.564999869523994  17.56999979600082  0.01712613306990763  0.0023408925217253858  0.01457091368225177  1.0915577558308835  0.09155775583088355  2.0915577558308835
17.56999979600082  17.57499959992424  0.015127589943506225  0.002183479531518398  0.014861022654770253  0.12208371312306265  -0.8779162868769373  1.1220837131230628
17.57499959992424  17.579999278654267  0.016357988925938132  0.0022847990393916645  0.015070366235691577  0.5635605880635297  -0.4364394119364703  1.5635605880635297
17.579999278654267  17.5850003161631  0.017435166508939982  0.002350957372470212  0.015210531525178964  0.9462676821841045  -0.05373231781589549  1.9462676821841045
17.5850003161631  17.589999737420236  0.01931349473155733  0.002488027129618141  0.015297191745783523  1.6142520867086452  0.6142520867086452  2.614252086708645
17.589999737420236  17.5950005138533  0.019210776394386526  0.0025053515389989018  0.015346389121213997  1.542453110079983  0.542453110079983  2.542453110079983
17.5950005138533  17.599999667043885  0.022145103592033775  0.0026896040411606044  0.015371134616728696  2.51857480567363  1.5185748056736301  3.51857480567363
17.599999667043885  17.60500017179688  0.017238922035507444  0.0023622038056423  0.015380551493227  0.7867105022189828  -0.21328949778101725  1.7867105022189826
17.60500017179688  17.6100005371493  0.015923676459741645  0.002285878910414413  0.015380717697041019  0.23752735117635412  -0.7624726488236458  1.237527351176354
17.6100005371493  17.614999268749838  0.01516441729190046  0.0022119575993535855  0.01537542524179351  -0.09539421097163667  -1.0953942109716366  0.9046057890283633
17.614999268749838  17.61999934647278  0.014403299147680612  0.0021831000043444283  0.015367034779083433  -0.4414528099880716  -1.4414528099880717  0.5585471900119283
17.61999934647278  17.62499927680782  0.013231583401491595  0.002085343221973713  0.015356969442102677  -1.0192020278558598  -2.01920202785586  -0.019202027855859782
17.62499927680782  17.630000551320176  0.015308184625552713  0.0022329282202544465  0.015346000433095646  -0.016935523139486944  -1.016935523139487  0.983064476860513
17.630000551320176  17.63500017971976  0.012737051148267172  0.0020395604852929874  0.015334513641771876  -1.273540310392694  -2.2735403103926943  -0.2735403103926941
17.63500017971976  17.63999965271865  0.01832711026730415  0.002449063125352826  0.015322666432122264  1.2267727214050683  0.22677272140506832  2.2267727214050685
17.63999965271865  17.645000464417162  0.015649627738179968  0.0022764775502993025  0.015310537326399937  0.14895398890950903  -0.8510460110904909  1.148953988909509
17.645000464417162  17.649999619429774  0.02001043342046108  0.0025620734612607837  0.015298199165135562  1.8392268319295777  0.8392268319295777  2.8392268319295777
17.649999619429774  17.65500010947705  0.01731772772338613  0.0023955974307752243  0.015285713764031629  0.8482284766422271  -0.1517715233577729  1.8482284766422272
17.65500010947705  17.660000435097178  0.01470461134152058  0.002210308105544481  0.015273113706326367  -0.257205030999849  -1.257205030999849  0.742794969000151
17.660000435097178  17.665000593602546  0.013325167156449937  0.0021193579734287097  0.015260408560842152  -0.9131262526931073  -1.9131262526931074  0.08687374730689268
17.665000593602546  17.670000582302656  0.016477736307476364  0.002330303816324064  0.015247607085791034  0.5278836231860088  -0.4721163768139912  1.5278836231860087
17.670000582302656  17.675000398504142  0.016760590561553452  0.0023642055284449352  0.015234727803316292  0.6454019076931948  -0.35459809230680517  1.645401907693195
17.675000398504142  17.680000039510762  0.015228950387356886  0.0022453862352977776  0.01522179067345187  0.0031886335599924376  -0.9968113664400076  1.0031886335599924
17.680000039510762  17.684999502623402  0.014193238765752882  0.002183336508995124  0.01520880536334205  -0.4651443299762256  -1.4651443299762257  0.5348556700237743
17.684999502623402  17.6900002895613  0.017569773461908467  0.002430463403485368  0.015195770454542802  0.9767696991286776  -0.023230300871322385  1.9767696991286776
17.6900002895613  17.694999389627547  0.015962854302652187  0.0023220411415941144  0.015182684965991839  0.33598428670594144  -0.6640157132940585  1.3359842867059415
17.694999389627547  17.699999809807935  0.020390764442429793  0.0026268045131947726  0.01516955808439236  1.9876646061062588  0.9876646061062588  2.987664606106259
17.699999809807935  17.70500004297126  0.014747974740136068  0.002242299402694058  0.015156399578051812  -0.18214554105711003  -1.18214554105711  0.81785445894289
17.70500004297126  17.71000008640467  0.016507105750368782  0.002376204652345862  0.015143214556235055  0.5739788417581166  -0.42602115824188336  1.5739788417581166
17.71000008640467  17.714999937392435  0.021005179665850974  0.002683779311016199  0.015129997665821147  2.189144977723678  1.1891449777236782  3.189144977723678
17.714999937392435  17.719999593215963  0.014268245939186162  0.002221310460203551  0.015116748172195731  -0.3819827296594173  -1.3819827296594174  0.6180172703405826
17.719999593215963  17.725000561533996  0.014678633235387662  0.002258004418434871  0.015103476918024215  -0.18815006700962614  -1.188150067009626  0.8118499329903739
17.725000561533996  17.729999819713882  0.015093024000584435  0.002294761051472957  0.015090201697415196  0.001229889781956359  -0.9987701102180436  1.0012298897819563
17.729999819713882  17.735000386641623  0.01343096668715677  0.0021713797868387194  0.01507694087151  -0.7580314573847909  -1.7580314573847908  0.24196854261520906
17.735000386641623  17.74000074920754  0.020716612459861415  0.0027080331282788145  0.01506371352138704  2.0874556073349337  1.0874556073349337  3.0874556073349337
17.74000074920754  17.744999390888623  0.01774463703300588  0.0025030125770098715  0.015050530305253664  1.076345661423175  0.076345661423175  2.076345661423175
17.744999390888623  17.749999335677828  0.018252917659016654  0.002531224251784872  0.01503738964870732  1.2703449755753298  0.27034497557532977  2.2703449755753295
17.749999335677828  17.75500058339665  0.01224389336447808  0.002091810984745466  0.01502427836244453  -1.3291760193642779  -2.3291760193642776  -0.32917601936427787
17.75500058339665  17.760000101163232  0.015205991328103498  0.0023188919380257677  0.015011177795388705  0.08401147527411304  -0.915988524725887  1.084011475274113
17.760000101163232  17.764999400877628  0.013312176283487439  0.002202458936373136  0.01499806897145593  -0.7654593055635838  -1.7654593055635837  0.23454069443641623
17.764999400877628  17.769999997852075  0.012474038421338006  0.0021084973290881608  0.014984938357898629  -1.1908480517954863  -2.190848051795486  -0.19084805179548625
17.769999997852075  17.775000372986785  0.016106464079525033  0.00240100990393177  0.014971787068526275  0.47258322805777203  -0.527416771942228  1.472583228057772
17.775000372986785  17.780000523529946  0.01653732878369029  0.002438296105443982  0.014958630804180363  0.6474595009134323  -0.3525404990865677  1.6474595009134323
17.780000523529946  17.78500044672689  0.012912457606662648  0.0021745311640474613  0.014945485296635521  -0.9349269045143477  -1.9349269045143478  0.06507309548565232
17.78500044672689  17.790000139820073  0.017061645262780492  0.0025407214858199174  0.014932354765132256  0.8380652934735554  -0.1619347065264446  1.8380652934735555
17.790000139820073  17.794999600049085  0.02216998574058019  0.002856009539131555  0.014919236524618653  2.538769257110507  1.538769257110507  3.538769257110507
17.794999600049085  17.800000347839653  0.015323011613681317  0.002385518593130742  0.014906129815675474  0.17475520803161257  -0.8252447919683874  1.1747552080316126
17.800000347839653  17.80499933490331  0.014582451091757695  0.0023492143383620602  0.014893037478619952  -0.13220862046960224  -1.1322086204696022  0.8677913795303978
17.80499933490331  17.809999605705386  0.018751687294657336  0.0026645420852847166  0.01487996687091544  1.453052832276127  0.4530528322761269  2.4530528322761267
17.809999605705386  17.81499963428561  0.01157523455139683  0.0020789734976343877  0.01486693085554057  -1.5833276893088237  -2.583327689308824  -0.5833276893088237
17.81499963428561  17.81999941786984  0.01586177581975785  0.002482907772160465  0.0148539409856782  0.4059090898904782  -0.5940909101095218  1.4059090898904782
17.81999941786984  17.825000481151736  0.017639412762602103  0.0025935053741114036  0.014840996732050733  1.0790091505054897  0.07900915050548973  2.07900915050549
17.825000481151736  17.829999767267058  0.014027735547110369  0.0023061455181323065  0.014828084416048121  -0.3470504626203883  -1.3470504626203883  0.6529495373796117
17.829999767267058  17.835000329231953  0.01751824384807679  0.0025829241413589344  0.01481518328721255  1.0465117877763532  0.04651178777635323  2.0465117877763532
17.835000329231953  17.84000063679078  0.012998987037229324  0.002229307885170642  0.014802276044414132  -0.8089008338329081  -1.808900833832908  0.19109916616709188
17.84000063679078  17.85000047753592  0.012337509736896056  0.0015569222123578573  0.014782906104974795  -1.5706605947739314  -2.5706605947739316  -0.5706605947739314
17.85000047753592  17.85500000513793  0.015511692104516736  0.002489805184843921  0.014763520016469873  0.30049422846461105  -0.699505771535389  1.300494228464611
17.85500000513793  17.859999267165257  0.015155234453141682  0.002464502295901132  0.014750611147831185  0.16418053494348622  -0.8358194650565138  1.1641805349434862
17.859999267165257  17.864999795152222  0.013051713561656617  0.002263088619818979  0.014737714726731651  -0.7450000633249159  -1.7450000633249159  0.25499993667508414
17.864999795152222  17.870000053680798  0.013359186735992458  0.002306913506259693  0.01472483628421401  -0.5919812530968024  -1.5919812530968023  0.4080187469031976
17.870000053680798  17.875000039946542  0.013082382964895852  0.0022684065098507724  0.014711980918596339  -0.7183888543009381  -1.718388854300938  0.28161114569906187
17.875000039946542  17.87999975114215  0.014358008865431704  0.002360442117198314  0.01469915209095653  -0.14452513918440854  -1.1445251391844085  0.8554748608155914
17.87999975114215  17.885000722228565  0.014770358842957214  0.0023960686021158445  0.01468635401023077  0.03505944389583142  -0.9649405561041686  1.0350594438958314
17.885000722228565  17.889999875710345  0.01062156439213607  0.002089577041762091  0.014673582920784935  -1.9391572780833646  -2.9391572780833646  -0.9391572780833646
17.889999875710345  17.895000285174252  0.011933389185465805  0.0021956835904006176  0.014660820712098871  -1.2421787631684336  -2.2421787631684333  -0.24217876316843356
17.895000285174252  17.905000247459643  0.011717676428786298  0.001531710628336763  0.014641674259301341  -1.9089753484900223  -2.9089753484900225  -0.9089753484900223
17.905000247459643  17.90999979463623  0.01366657331180474  0.0023599940313560907  0.01462248240473418  -0.40504725021705185  -1.405047250217052  0.5949527497829481
17.90999979463623  17.91500059166834  0.011213192645648917  0.002164585145102298  0.014609692684894877  -1.569122862609982  -2.569122862609982  -0.569122862609982
17.91500059166834  17.919999550719023  0.011313416942489008  0.0021557927513631966  0.014596920610587207  -1.523107295922535  -2.523107295922535  -0.5231072959225349
17.919999550719023  17.92499975568623  0.01387554064285905  0.0023453944421941565  0.014584185759201194  -0.3021432572677174  -1.3021432572677174  0.6978567427322826
17.92499975568623  17.934999263225627  0.011760580228638733  0.001537318902393541  0.014565140396724697  -1.8243190555449367  -2.8243190555449367  -0.8243190555449367
17.934999263225627  17.94000010736326  0.016942039494195236  0.0025836368013832985  0.01454615307385361  0.9273309696853874  -0.07266903031461258  1.9273309696853875
17.94000010736326  17.945000644852183  0.014054763907747231  0.002366902029940141  0.014533521866669565  -0.20227197951849404  -1.202271979518494  0.7977280204815059
17.945000644852183  17.94999932387783  0.01128015985447084  0.0021218464621763386  0.014520912764377565  -1.5273267730138897  -2.5273267730138897  -0.5273267730138897
17.94999932387783  17.954999238666694  0.014493162471474504  0.0023826612331624177  0.014508327345275558  -0.006364678952251342  -1.0063646789522513  0.9936353210477487
17.954999238666694  17.96000038895661  0.014091181997200641  0.002348530332866774  0.014495765427063129  -0.17227089818704874  -1.1722708981870487  0.8277291018129512
17.96000038895661  17.964999671366364  0.01253778602703147  0.0022163883801949737  0.014483212963729187  -0.8777464067586294  -1.8777464067586294  0.12225359324137064
17.964999671366364  17.970000185293518  0.015234735942971768  0.002462994600801789  0.014470626628055004  0.3102358871058918  -0.6897641128941082  1.310235887105892
17.970000185293518  17.97500037718354  0.017007557045599565  0.0026528325483231277  0.014457962345177579  0.9610839184077413  -0.03891608159225868  1.9610839184077413
17.97500037718354  17.980000244174306  0.015047116387835078  0.002465085130289654  0.0144452038350413  0.24417515865792883  -0.7558248413420712  1.2441751586579288
17.980000244174306  17.990000547875397  0.015022244012432033  0.0017519900052428944  0.014425919226608658  0.34036997017040643  -0.6596300298295936  1.3403699701704064
17.990000547875397  17.994999423831906  0.016148968368271406  0.002577338608236443  0.01440650496188975  0.6760708122763678  -0.3239291877236322  1.6760708122763677
17.994999423831906  17.999999521022456  0.012915679175358576  0.0023100133267947996  0.014393601685283697  -0.6397896032815431  -1.639789603281543  0.3602103967184569
17.999999521022456  18.004999280691127  0.014030742231545284  0.002422880118146296  0.014380736838101309  -0.14445395128496888  -1.144453951284969  0.8555460487150311
18.004999280691127  18.010000259300654  0.014722934130454128  0.00249506896942531  0.014367888453621505  0.1422989429083397  -0.8577010570916603  1.1422989429083397
18.010000259300654  18.019999627911524  0.014240073481268496  0.0017078691421724761  0.014348611147465166  -0.0635515119493321  -1.0635515119493322  0.9364484880506679
18.019999627911524  18.024999572349664  0.017407645505508457  0.0026692912829432342  0.014329407867701345  1.1532040948385973  0.15320409483859732  2.153204094838597
18.024999572349664  18.0300007293841  0.01656153919834043  0.0025783351657339792  0.014316643239368045  0.8706765469466524  -0.12932345305334758  1.8706765469466524
18.0300007293841  18.034999971375882  0.01414100835439689  0.002356834725732815  0.014303926478657355  -0.06912581628302661  -1.0691258162830266  0.9308741837169734
18.034999971375882  18.04000042191059  0.015948189852092575  0.0024906888045149894  0.014291267762132277  0.6652465321868859  -0.3347534678131141  1.665246532186886
18.04000042191059  18.045000515284045  0.019378708003606093  0.0027739512838640887  0.014278653809844223  1.8385521849026638  0.8385521849026638  2.838552184902664
18.045000515284045  18.0500002485959  0.015312156262844418  0.0024210644839500126  0.014266054821507284  0.43208326266072894  -0.5679167373392711  1.432083262660729
18.0500002485959  18.054999618942983  0.014452119924048048  0.002344443432431282  0.014253463281493546  0.08473509738236112  -0.9152649026176389  1.084735097382361
18.054999618942983  18.060000191430873  0.012384552605549277  0.0021804275659562835  0.014240905728482313  -0.851371149363947  -1.8513711493639469  0.14862885063605302
18.060000191430873  18.065000396875593  0.017515254422760276  0.0025958388413495396  0.01422839794346511  1.2662020565137915  0.2662020565137915  2.2662020565137917
18.065000396875593  18.07000023236597  0.016271611751110387  0.0025164520631264353  0.014215912042591006  0.8169039810618861  -0.1830960189381139  1.816903981061886
18.07000023236597  18.074999694988  0.017322300551103065  0.002554033878357689  0.014203408791598685  1.2211630338709178  0.22116303387091785  2.221163033870918
18.074999694988  18.080000353311288  0.015373580399451034  0.002422929291204933  0.014190881895564342  0.4881275356155895  -0.5118724643844105  1.4881275356155896
18.080000353311288  18.085000634668127  0.01341408154110996  0.0022826348454443525  0.014178351837974624  -0.33481934195037055  -1.3348193419503707  0.6651806580496294
18.085000634668127  18.09000053613652  0.01399473146365999  0.0023007196802361228  0.014165834056160915  -0.07436916108065941  -1.0743691610806594  0.9256308389193406
18.09000053613652  18.095000054791644  0.02034747846067704  0.002788161009713089  0.0141533351827259  2.2215873675776483  1.2215873675776483  3.2215873675776483
18.095000054791644  18.104999507783777  0.013171488363684009  0.0015911926385714101  0.01413459620979224  -0.6052741967012367  -1.6052741967012367  0.3947258032987633
18.104999507783777  18.10999943799767  0.015459119211937628  0.0024364105030582274  0.014115834350599609  0.5513376582689584  -0.4486623417310416  1.5513376582689584
18.10999943799767  18.115000552988505  0.017827341693750567  0.0026003850445889876  0.014103323961812778  1.4321024264029334  0.4321024264029334  2.4321024264029334
18.115000552988505  18.1199996955353  0.013928041350968095  0.002312997564630068  0.01409082226999728  -0.07037660632177099  -1.070376606321771  0.929623393678229
18.1199996955353  18.125000018721526  0.01664872952730874  0.0025098904126451865  0.014078337023557824  1.0241054712193456  0.024105471219345587  2.024105471219346
18.125000018721526  18.12999994202688  0.012271564135397922  0.0021852064916035767  0.014065875778396285  -0.8211176609134259  -1.8211176609134259  0.17888233908657414
18.12999994202688  18.134999462504894  0.01506553353841144  0.002382070007351799  0.014053441479848376  0.4248792249763596  -0.5751207750236405  1.4248792249763595
18.134999462504894  18.145000448790956  0.01262312930975953  0.0015562426891359605  0.014034837442699353  -0.9071259532943501  -1.90712595329435  0.09287404670564992
18.145000448790956  18.15000032850269  0.015639493602898243  0.0024347891731382578  0.014016295565883609  0.6666688249325727  -0.33333117506742727  1.6666688249325727
18.15000032850269  18.15499979531812  0.017039507074509117  0.002553517393601511  0.014003953399916691  1.1887734472452693  0.18877344724526934  2.1887734472452696
18.15499979531812  18.16000043170134  0.016015863316282145  0.0024637095845489202  0.013991619787459037  0.8216242456164837  -0.17837575438351627  1.8216242456164837
18.16000043170134  18.165000651011322  0.014154298121571578  0.002318819694741056  0.01397929310681024  0.07547159236151008  -0.9245284076384899  1.0754715923615101
18.165000651011322  18.17000045028281  0.011166116896532312  0.002064202910960664  0.013966978129568566  -1.356873017746474  -2.356873017746474  -0.35687301774647406
18.17000045028281  18.17499982654771  0.01728525187616634  0.0025485713492520707  0.013954678761271032  1.3068392673694338  0.3068392673694338  2.306839267369434
18.17499982654771  18.18000036575335  0.01618053782147575  0.0024675088849876897  0.013942392444694623  0.9070465319894054  -0.09295346801059456  1.9070465319894054
18.18000036575335  18.190000159578855  0.013151108793277706  0.0015802667805286654  0.013923987052504272  -0.48908087466599  -1.48908087466599  0.51091912533401
18.190000159578855  18.194999408243767  0.012654593713755623  0.0022185430569403135  0.013905601238565716  -0.5638869711798203  -1.5638869711798202  0.43611302882017966
18.194999408243767  18.199999813184817  0.015499930512672408  0.0024206824571760405  0.01389337188616608  0.6636800385543068  -0.3363199614456932  1.6636800385543067
18.199999813184817  18.204999780751304  0.019204435194310532  0.0027089278807888723  0.013881165907174565  1.9650834283509107  0.9650834283509107  2.9650834283509107
18.204999780751304  18.209999307956377  0.01363928521257799  0.0022732142020963314  0.013868977548819312  -0.10104297959668902  -1.101042979596689  0.8989570204033109
18.209999307956377  18.214999986852348  0.018497312236531376  0.0026626956934202683  0.013856800728365346  1.742787025807381  0.742787025807381  2.742787025807381
18.214999986852348  18.220000221156123  0.01472600759557712  0.002380748661154513  0.013844635640152805  0.3702078971229605  -0.6297921028770395  1.3702078971229605
18.220000221156123  18.22500000787287  0.01522529620806965  0.00240733070341125  0.013832480513768822  0.5785726457636968  -0.4214273542363032  1.5785726457636968
18.22500000787287  18.22999934400494  0.015251555203656397  0.0024114826151673714  0.013820325046979639  0.5935063133670667  -0.4064936866329333  1.5935063133670666
18.22999934400494  18.23499982509847  0.012510572860045853  0.0022026147248731137  0.01380815598781054  -0.5891103483108866  -1.5891103483108866  0.4108896516891134
18.23499982509847  18.239999851356817  0.014065580025489128  0.0023358382937170396  0.013795964237913183  0.11542570746492183  -0.8845742925350781  1.1154257074649219
18.239999851356817  18.244999419774377  0.01457140687587817  0.0023637943312795214  0.01378375170362878  0.3332164570438882  -0.6667835429561118  1.3332164570438882
18.244999419774377  18.250000128520348  0.015558971460300506  0.0024746428945753465  0.013771533973027878  0.7223011817951033  -0.2776988182048967  1.7223011817951033
18.250000128520348  18.25500037516062  0.014816932936673728  0.002418559885390497  0.013759328407165866  0.4372868895644901  -0.5627131104355099  1.4372868895644901
18.25500037516062  18.260000156681603  0.013881202352047912  0.002313533725341319  0.013747140434221834  0.05794681804619017  -0.9420531819538098  1.0579468180461902
18.260000156681603  18.269999916986276  0.014026129991414511  0.0016585271379433257  0.013728892043955322  0.1792180186016034  -0.8207819813983965  1.1792180186016035
18.269999916986276  18.27499989148533  0.017375714561703788  0.002611812213013236  0.013710652277270512  1.403264088502332  0.403264088502332  2.4032640885023318
18.27499989148533  18.28500001844727  0.01339211829077967  0.00162097155033317  0.013692472040258587  -0.18529242503804816  -1.185292425038048  0.8147075749619519
18.28500001844727  18.290000166611108  0.01280816280032342  0.0022550085478889315  0.013674319852731027  -0.38410366702089793  -1.384103667020898  0.6158963329791021
18.290000166611108  18.294999831998904  0.018827639609319248  0.002717535699161432  0.013662240011253237  1.9007660505287693  0.9007660505287693  2.9007660505287696
18.294999831998904  18.30000062153886  0.01750840563474085  0.0026537393118931467  0.013650169043093656  1.4538868133564997  0.4538868133564997  2.4538868133564997
18.30000062153886  18.30499931314606  0.015586546011843335  0.002510972698309618  0.01363811513675333  0.7759665712023412  -0.22403342879765875  1.7759665712023414
18.30499931314606  18.310000736309984  0.01246783651048626  0.0022561828553658517  0.013626086278442109  -0.5133669751993709  -1.513366975199371  0.4866330248006291
18.310000736309984  18.3150000554578  0.015391680128035956  0.0024883676576655605  0.01361408055965624  0.7143637166733448  -0.28563628332665525  1.7143637166733448
18.3150000554578  18.320000491871145  0.01186754384237033  0.002193870865975064  0.013602089336753826  -0.7906324484657298  -1.7906324484657299  0.20936755153427022
18.320000491871145  18.325000430778438  0.013929446412387608  0.002379779711361262  0.013590108147173874  0.1425923011250601  -0.8574076988749399  1.14259230112506
18.325000430778438  18.329999869128656  0.015213087650858947  0.0024922752763608504  0.013578140668539096  0.6560057782650534  -0.34399422173494665  1.6560057782650532
18.329999869128656  18.335000419995467  0.016824413389846152  0.0026427118976516915  0.013566187795422667  1.2329098746324705  0.23290987463247048  2.2329098746324707
18.335000419995467  18.340000465957587  0.013872620950896043  0.002379134865296997  0.013554239264981211  0.13382246234077477  -0.8661775376592252  1.1338224623407749
18.340000465957587  18.345000003956045  0.013450336193486416  0.0023680697027776538  0.013542285295251758  -0.0388287142297749  -1.038828714229775  0.9611712857702251
18.345000003956045  18.35000064970201  0.014871778686852202  0.0024786297811420334  0.013530329889575875  0.5412057934114914  -0.45879420658850856  1.5412057934114913
18.35000064970201  18.35500078312228  0.012350387997040035  0.0022831309973490926  0.013518383136050954  -0.5115760507684672  -1.5115760507684672  0.48842394923153276
18.35500078312228  18.360000401149925  0.016460801083667948  0.002651814134904628  0.01350645180003257  1.1140861060919076  0.11408610609190761  2.1140861060919076
18.360000401149925  18.36499950071522  0.012850491153131138  0.002336011366956626  0.013494540277274838  -0.27570461910156446  -1.2757046191015644  0.7242953808984356
18.36499950071522  18.369999701049018  0.014761594343383146  0.0025382756387441374  0.013482648632826104  0.5038639976822323  -0.49613600231776767  1.5038639976822323
18.369999701049018  18.37499937853872  0.012787521444934226  0.002352839562925001  0.01347077138514238  -0.2903937654630187  -1.2903937654630186  0.7096062345369814
18.37499937853872  18.380000154176845  0.01918355442542716  0.0028515253230567738  0.013458904097939005  2.0075747815388336  1.0075747815388336  3.0075747815388336
18.380000154176845  18.38500040258  0.016544697838645105  0.0026653297364954112  0.013447051585541932  1.1622000125118497  0.16220001251184968  2.1622000125118497
18.38500040258  18.39499930534737  0.012829032395394981  0.0016490511104792604  0.013429321308345824  -0.3640208051382844  -1.3640208051382845  0.6359791948617156
18.39499930534737  18.399999581144012  0.016299027277318735  0.0026505026615529074  0.013411677319765763  1.0893593881023675  0.08935938810236754  2.0893593881023675
18.399999581144012  18.410000145577996  0.011886375718921063  0.0015810047086366977  0.013394065535323314  -0.9536276572524143  -1.9536276572524143  0.046372342747585726
18.410000145577996  18.415000429795615  0.01605682573150576  0.002571149860356035  0.013376505185652114  1.0424598687073396  0.04245986870733964  2.04245986870734
18.415000429795615  18.42000016868086  0.015606882338751554  0.002531770632412876  0.013364819956548663  0.8855708939423622  -0.11442910605763779  1.8855708939423623
18.42000016868086  18.424999359132254  0.019058628823476916  0.0028245738125594784  0.01335314567608297  2.019944786723043  1.019944786723043  3.019944786723043
18.424999359132254  18.434999349921917  0.011694885865357302  0.0015656143756883458  0.013335641143735128  -1.0479945150327605  -2.0479945150327605  -0.04799451503276053
18.434999349921917  18.440000147588208  0.010884572167404545  0.002123941173071321  0.013318165803730892  -1.1457914499615127  -2.1457914499615125  -0.14579144996151272
18.440000147588208  18.44500038793265  0.014189258262189848  0.0023984223983463016  0.013306527257532088  0.3680465147700416  -0.6319534852299584  1.3680465147700416
18.44500038793265  18.450000067840712  0.013724215597091615  0.002353683557091964  0.013294911563931327  0.1823966657993331  -0.8176033342006669  1.1823966657993332
18.450000067840712  18.45499918419506  0.017175774011177446  0.0026421378740392005  0.013283323542827219  1.473220041465738  0.47322004146573793  2.473220041465738
18.45499918419506  18.45999937211412  0.012296904379657287  0.002235378184970327  0.013271759560222059  -0.4361030214570648  -1.4361030214570647  0.5638969785429352
18.45999937211412  18.46500063113752  0.01711951559351144  0.00267029574786548  0.013260213967298871  1.445271232333546  0.44527123233354593  2.445271232333546
18.46500063113752  18.474999797039445  0.010729622750238527  0.0014766084245537  0.013242917580518813  -1.7020726608951329  -2.7020726608951326  -0.7020726608951329
18.474999797039445  18.479999337674094  0.0152375072599405  0.0024634426386776435  0.013225685442133534  0.8166708598041061  -0.18332914019589386  1.8166708598041061
18.479999337674094  18.484999942224704  0.014699131183697655  0.0024319264482186302  0.013214218201165593  0.6105912387357566  -0.3894087612642434  1.6105912387357566
18.484999942224704  18.489999966653702  0.015249153921922803  0.0024418188646071026  0.013202769133039149  0.8380575719783885  -0.16194242802161152  1.8380575719783885
18.489999966653702  18.494999407822792  0.011908117206343351  0.00219103361067143  0.013191336011022904  -0.5856682428008577  -1.5856682428008577  0.4143317571991423
18.494999407822792  18.499999907936836  0.015606286546931561  0.0024675705652773996  0.013179917199218554  0.9833029222571549  -0.016697077742845123  1.9833029222571548
18.499999907936836  18.504999820284713  0.014732978073181083  0.0024136216027705964  0.013168508982456403  0.6481832483305697  -0.35181675166943027  1.6481832483305698
18.504999820284713  18.51000078884555  0.016213083680226184  0.002546686713518374  0.01315710700650505  1.1999813944523823  0.19998139445238228  2.199981394452382
18.51000078884555  18.514999517109448  0.012030079447381133  0.002186873730971074  0.013145710338059051  -0.5101487456171167  -1.5101487456171165  0.48985125438288335
18.514999517109448  18.51999929706563  0.012048976849407152  0.002190308972795956  0.013134321764618352  -0.4955213756101924  -1.4955213756101924  0.5044786243898076
18.51999929706563  18.525000128230513  0.016385337835937014  0.002550903821661697  0.013122944555571548  1.2789166148335194  0.27891661483351937  2.2789166148335194
18.525000128230513  18.53000035943253  0.017984278116490202  0.002673259830462864  0.01311158030283971  1.822755034181172  0.822755034181172  2.822755034181172
18.53000035943253  18.53499998751243  0.010139019487483521  0.0020172231247562802  0.01310022899994316  -1.4679632987141218  -2.467963298714122  -0.4679632987141218
18.53499998751243  18.540000661776965  0.0153806707579496  0.0024628784127543593  0.013088892874896405  0.9305282271284298  -0.06947177287157025  1.9305282271284296
18.540000661776965  18.545000728375143  0.014912814115072129  0.002443083138212308  0.013077571688043913  0.7511993342850904  -0.24880066571490955  1.7511993342850904
18.545000728375143  18.55000018413981  0.013057833543127426  0.002273077055047307  0.013066265391217703  -0.0037094422609006243  -1.0037094422609005  0.9962905577390994
18.55000018413981  18.555000681044813  0.012188819528759928  0.0022157301084819525  0.013054974424930772  -0.39091173282122577  -1.3909117328212257  0.6090882671787743
18.555000681044813  18.560000562557647  0.011714514277380692  0.0021928101429725282  0.013043698840953351  -0.6061557895618115  -1.6061557895618115  0.3938442104381885
18.560000562557647  18.564999825503268  0.014718655083267279  0.00241973199018599  0.013032437939433884  0.6968611196084512  -0.3031388803915488  1.6968611196084513
18.564999825503268  18.570000124524668  0.0154444585304469  0.0024969003239170783  0.013021190786643181  0.9705104046773286  -0.02948959532267137  1.9705104046773285
18.570000124524668  18.574999800405784  0.013377895172472383  0.0023453487602206036  0.013009956626255292  0.15688009922348653  -0.8431199007765134  1.1568800992234864
18.574999800405784  18.580000509570514  0.01710280673973923  0.002630913367282955  0.012998735611156463  1.5599415699579642  0.5599415699579642  2.559941569957964
18.580000509570514  18.585000591012744  0.014629216175128523  0.002454157352237309  0.01298752883278423  0.668941354085411  -0.331058645914589  1.668941354085411
18.585000591012744  18.590000041544403  0.01154304682843788  0.0021712966960234447  0.01297633708064291  -0.6601079690444829  -1.6601079690444829  0.3398920309555171
18.590000041544403  18.59500052026225  0.016891879956692137  0.002606473664475113  0.012965160384734664  1.5065257038567583  0.5065257038567583  2.5065257038567585
18.59500052026225  18.600000363472894  0.01853349197500111  0.0027326143111752518  0.01295399844993803  2.041815232484614  1.041815232484614  3.041815232484614
18.600000363472894  18.604999567980382  0.02058476803857922  0.0028824440718758803  0.012942850823659782  2.651193578908235  1.6511935789082348  3.651193578908235
18.604999567980382  18.609999795556377  0.01688192732638592  0.002628213916922892  0.012931717497092054  1.5030016407183349  0.5030016407183349  2.5030016407183346
18.609999795556377  18.614999379818176  0.015392836898348798  0.0024970478768841812  0.012920598788850365  0.9900643605533483  -0.009935639446651656  1.9900643605533483
18.614999379818176  18.624999940891744  0.010206263860443003  0.001460968333588758  0.01290395440276459  -1.8465085657913698  -2.84650856579137  -0.8465085657913698
18.624999940891744  18.63499956683583  0.0106518956119868  0.001494467419979298  0.012881801594271367  -1.4921074574616393  -2.492107457461639  -0.4921074574616393
18.63499956683583  18.63999923157573  0.014923439021220172  0.00250351531340996  0.01286521760919363  0.8221325433888018  -0.17786745661119818  1.8221325433888018
18.63999923157573  18.649999925122124  0.011377540014878354  0.001540821353594651  0.012848679504790817  -0.9547761565481786  -1.9547761565481787  0.0452238434518214
18.649999925122124  18.65499927804082  0.0134652624905444  0.002370697630535682  0.012832159617463935  0.2670534044180946  -0.7329465955819054  1.2670534044180946
18.65499927804082  18.659999638020167  0.014623394451959633  0.0024884201317858456  0.012821167918676067  0.724245279268889  -0.27575472073111096  1.7242452792688892
18.659999638020167  18.664999329697704  0.014030311868576492  0.0024061786345690177  0.012810190662390912  0.5070783975289188  -0.4929216024710812  1.5070783975289188
18.664999329697704  18.670000025567305  0.013642759613324293  0.002374899614254556  0.012799227933171432  0.3551862466480008  -0.6448137533519992  1.355186246648001
18.670000025567305  18.67500004846778  0.016464435513587023  0.002627686504907518  0.012788279771407337  1.3990084948543249  0.3990084948543249  2.399008494854325
18.67500004846778  18.679999395164195  0.014420723457857356  0.0024637120594857855  0.012777346574537298  0.6670328527202383  -0.33296714727976173  1.6670328527202383
18.679999395164195  18.68499974083625  0.01413643718753536  0.0024243789766182616  0.01276642927912387  0.5650964315498641  -0.4349035684501359  1.565096431549864
18.68499974083625  18.689999405622533  0.014478708128561108  0.002473618464867986  0.012755529475605012  0.6966226511605771  -0.3033773488394229  1.696622651160577
18.689999405622533  18.6950000664947  0.013677187915581781  0.002408009276212043  0.012744648044609931  0.3872658964332542  -0.6127341035667457  1.3872658964332543
18.6950000664947  18.704999328261213  0.015097312887039777  0.001779235386686813  0.012728366012540591  1.3314409617889278  0.3314409617889278  2.331440961788928
18.704999328261213  18.709999605568715  0.017174109713138718  0.0027066989206897332  0.012712098022437116  1.648506842262519  0.6485068422625191  2.648506842262519
18.709999605568715  18.714999189346415  0.01395879285538483  0.002429913940236534  0.012701276522515017  0.5175147613447595  -0.4824852386552405  1.5175147613447595
18.714999189346415  18.719999761049703  0.013907850987374442  0.0024486198768694707  0.012690467445060222  0.4971713060953455  -0.5028286939046545  1.4971713060953455
18.719999761049703  18.72499963450877  0.015669818001496735  0.0026022503783806696  0.012679670121734697  1.1490623287459165  0.14906232874591652  2.1490623287459165
18.72499963450877  18.73000049297441  0.012309349830064537  0.0023154415119623845  0.012668885541233254  -0.1552773884856212  -1.1552773884856211  0.8447226115143788
18.73000049297441  18.73500064847224  0.014403402893309885  0.002525135947314678  0.012658115273608612  0.691165804976669  -0.308834195023331  1.6911658049766691
18.73500064847224  18.745000526711927  0.011035082063711515  0.0015750134121935023  0.012642001343082597  -1.0202575209395486  -2.0202575209395484  -0.02025752093954858
18.745000526711927  18.750000244715817  0.01339627204658942  0.002435225502493822  0.012625891515854857  0.3163487446832525  -0.6836512553167475  1.3163487446832525
18.750000244715817  18.75499924847416  0.019148541535330098  0.002911366688748801  0.012615176587311636  2.2440886519953493  1.2440886519953493  3.2440886519953493
18.75499924847416  18.759999226628793  0.017041167722792988  0.002755039814914541  0.012604474152048899  1.610391816018715  0.6103918160187149  2.6103918160187147
18.759999226628793  18.765000178606062  0.01657197607080775  0.0027417829259555907  0.012593782274849809  1.4509514076762389  0.45095140767623887  2.450951407676239
18.765000178606062  18.770000410108064  0.011878561488147758  0.0023179014694844334  0.012583098716612883  -0.3039547788119888  -1.3039547788119887  0.6960452211880113
18.770000410108064  18.774999917850785  0.014612538822928171  0.002572687470152224  0.012572420493999327  0.7929911241057717  -0.20700887589422834  1.7929911241057717
18.774999917850785  18.78000039407549  0.011879978702406122  0.002350602903406553  0.012561738329503918  -0.2900360695163667  -1.2900360695163666  0.7099639304836334
18.78000039407549  18.789999157643226  0.009872063896312722  0.0015009601605373176  0.01254567303728095  -1.781265893167426  -2.7812658931674257  -0.7812658931674259
18.789999157643226  18.795000834874905  0.01442194535394036  0.002579414105372514  0.01252950614900399  0.7336701776557381  -0.26632982234426195  1.7336701776557382
18.795000834874905  18.80000007816565  0.013458597603567853  0.002519280740885882  0.012518695753334037  0.373083410268642  -0.626916589731358  1.373083410268642
18.80000007816565  18.80500028159521  0.012827694441265634  0.0024242063847081797  0.012507870452883681  0.13192935650998733  -0.8680706434900127  1.1319293565099873
18.80500028159521  18.809999743623877  0.017477239256981244  0.00283518258970985  0.012497041365471273  1.7565704267461804  0.7565704267461804  2.7565704267461806
18.809999743623877  18.819999835773103  0.012536976437766013  0.001725336030831896  0.0124808214268646  0.03254728928041727  -0.9674527107195827  1.0325472892804173
18.819999835773103  18.830000338999746  0.011963422179801533  0.0016830553993533188  0.012459228980267013  -0.2945873324526249  -1.294587332452625  0.7054126675473751
18.830000338999746  18.834999460773012  0.017596729988682655  0.0028827741022786507  0.012443063022874361  1.7877456862591639  0.7877456862591639  2.787745686259164
18.834999460773012  18.839999531276145  0.016812263792634934  0.002802043965439156  0.012432306092044626  1.5631295420819182  0.5631295420819182  2.563129542081918
18.839999531276145  18.85000080786643  0.012054475206718637  0.0016958650813548516  0.01241620227277544  -0.21329943639609275  -1.2132994363960927  0.7867005636039073
18.85000080786643  18.85500030183245  0.012547740600561587  0.002448480517255492  0.012400118233881657  0.060291419776294694  -0.9397085802237053  1.0602914197762947
18.85500030183245  18.860000738480405  0.0173742402675447  0.0028563075051843087  0.012389414984550302  1.7451990984677765  0.7451990984677765  2.7451990984677765
18.860000738480405  18.86500040628873  0.014805451262761954  0.002679198213491446  0.012378722938429091  0.9057666252958663  -0.09423337470413373  1.9057666252958663
18.86500040628873  18.87500084750255  0.010640883294441418  0.0016076809456200079  0.012362711509122406  -1.0710011954622993  -2.0710011954622995  -0.07100119546229933
18.87500084750255  18.87999990423052  0.011174862701508524  0.0024098374016938554  0.012346736743503676  -0.48628759814726497  -1.486287598147265  0.513712401852735
18.87999990423052  18.884999895126306  0.013765858244435462  0.002609294026183159  0.012336114164632643  0.5479428785931918  -0.4520571214068082  1.547942878593192
18.884999895126306  18.890000819570115  0.014596677815088712  0.002621640727566533  0.01232550626349342  0.866316855591211  -0.13368314440878903  1.866316855591211
18.890000819570115  18.900000314818996  0.011196975669065572  0.0016415196719786582  0.012309622864805145  -0.6778153285232389  -1.677815328523239  0.3221846714767611
18.900000314818996  18.905000597099104  0.016523794745878936  0.0027930310867480585  0.01229376547920858  1.5144941589588263  0.5144941589588263  2.5144941589588266
18.905000597099104  18.91000008771387  0.016071026362030092  0.0027561582828761217  0.012283215902141481  1.3743080299205213  0.37430802992052126  2.3743080299205213
18.91000008771387  18.91500050329958  0.013135020132981113  0.0025156467139265557  0.012272676930198598  0.3427918546784031  -0.6572081453215969  1.3427918546784032
18.91500050329958  18.92000012232382  0.017536188548124807  0.002882931638507522  0.012262148399087246  1.8294017376589282  0.8294017376589282  2.8294017376589284
18.92000012232382  18.92500066323696  0.016015897706361117  0.0027770602474374326  0.01225163190915891  1.3554858237864047  0.3554858237864047  2.3554858237864047
18.92500066323696  18.930000402683344  0.01365819298250076  0.0025691646956718093  0.012241131068517567  0.5515652291075277  -0.4484347708924723  1.5515652291075277
18.930000402683344  18.939999188250404  0.013503149012720367  0.0018002944477218197  0.012225417490975592  0.7097347455365864  -0.29026525446341356  1.7097347455365863
18.939999188250404  18.94499995490389  0.016093279713334185  0.002790477821611029  0.012209725305910225  1.3917166362504407  0.39171663625044073  2.3917166362504405
18.94499995490389  18.9550007781946  0.01051323599558792  0.0015849299604465284  0.012194074218218103  -1.0605126185870288  -2.060512618587029  -0.06051261858702883
18.9550007781946  18.965000061984657  0.008094380138793386  0.0014436217666914696  0.012173254111389012  -2.825445048493343  -3.825445048493343  -1.8254450484933429
18.965000061984657  18.9749995156026  0.00866989076732828  0.0014449817945547132  0.012152482231362068  -2.410128264008326  -3.410128264008326  -1.4101282640083261
18.9749995156026  18.985000855636063  0.009372054556744417  0.0015151768520969013  0.012131749924124035  -1.82136848484742  -2.82136848484742  -0.8213684848474201
18.985000855636063  18.995000602224614  0.01007521975466187  0.0015825754218075445  0.012111073512881949  -1.2864181574959772  -2.2864181574959774  -0.2864181574959772
18.995000602224614  19.005000470061844  0.015349968335464984  0.001964154634362614  0.012090455836579528  1.659498922264437  0.659498922264437  2.659498922264437
