# Plot Type : plot_unfold 
# 
# X-axis    : \frWavelength (\A) 
# Y-Axis    : \frPhotons cm\u-2\d s\u-1\d \A\u-1\d 
# Residual  : \fr\gx 
# 
# Combined data comprised of data indices: 
# 
# Index-   1,  Model Plotted-      yes,  Data File: tgcat/obs_6618_tgid_3985/pha2.gz/part=2/order=-1,   Scale: 1.0000e+00 
# Index-   2,  Model Plotted-      yes,  Data File: tgcat/obs_6618_tgid_3985/pha2.gz/part=2/order=1,   Scale: 1.0000e+00 
# 
# Background included in data and model-    no 
# 
# XAXIS_COLS   :   1 set  (X 2 columns - bin_lo, bin_hi)
# DATA_COLS    :   1 set  (X 2 columns - Data, Error)
# MODEL_COLS   :   1 set  (X 1 column  - Value) 
# RESIDUAL_COLS:   1 set  (X 3 columns - Mean, Mean-1Sigma, Mean+1Sigma)
# 
#         X_LO          X_HI    DATA_VALUE    DATA_ERROR   MODEL_VALUE     RES_VALUE   RES_VAL-ERR   RES_VAL+ERR
15.99500016954246  16.000000189594406  0.07292467246146229  0.00471710492626611  0.07420073479892528  -0.2705181159650522  -1.2705181159650523  0.7294818840349477
16.000000189594406  16.004999642203746  0.07184963145662085  0.004707025860168273  0.07416318243422214  -0.4915101480913866  -1.4915101480913866  0.5084898519086134
16.004999642203746  16.00999975561844  0.07825129382477314  0.004939177869735849  0.07412549520471262  0.8353209236178356  -0.1646790763821644  1.8353209236178356
16.00999975561844  16.015000528148228  0.06863268728726281  0.004648392128186998  0.07408771196268721  -1.1735293677885175  -2.1735293677885172  -0.17352936778851746
16.015000528148228  16.0199994905336  0.07456687949307056  0.004864206881332296  0.07404986679788467  0.10628920763425277  -0.8937107923657472  1.1062892076342528
16.0199994905336  16.02500034011712  0.0692093720333259  0.004698238309528505  0.07401195681072077  -1.022209700954235  -2.0222097009542352  -0.022209700954235023
16.02500034011712  16.03000060686211  0.07124614266804802  0.004770994596496838  0.07397401943108602  -0.571762702276163  -1.571762702276163  0.428237297723837
16.03000060686211  16.035000286753693  0.07656674057970944  0.004942361852309971  0.07393615955588327  0.5322518064104679  -0.4677481935895321  1.5322518064104678
16.035000286753693  16.040000612638483  0.07123461765611676  0.00475956309548262  0.07389846299504581  -0.5596827451362818  -1.5596827451362818  0.4403172548637182
16.040000612638483  16.045000345169726  0.077663987998628  0.004961770187676002  0.07386093116765387  0.7664717806600825  -0.23352821933991752  1.7664717806600825
16.045000345169726  16.049999480320416  0.07907410484182201  0.00500108550478212  0.07382349915706139  1.0498932041333628  0.049893204133362845  2.0498932041333626
16.049999480320416  16.05500049241931  0.07361226280615499  0.004822499679254035  0.0737861116547408  -0.036049530357399356  -1.0360495303573993  0.9639504696426007
16.05500049241931  16.05999966220626  0.07263041298781399  0.0047891076098836305  0.07374874951680002  -0.23351668412671217  -1.2335166841267122  0.7664833158732878
16.05999966220626  16.064999464774587  0.08051679448918674  0.005042157254943964  0.07371141964978369  1.3496950799640781  0.3496950799640781  2.349695079964078
16.064999464774587  16.069999898397903  0.07231782511841012  0.004778896398270371  0.07367413069921025  -0.2838114635192799  -1.2838114635192799  0.7161885364807201
16.069999898397903  16.074999719077653  0.07108152010304697  0.004738768006869798  0.07363688348751  -0.5392463570190652  -1.5392463570190653  0.4607536429809348
16.074999719077653  16.080000165805217  0.06922612027088719  0.0046778677028616825  0.07359967378934602  -0.9349459617644398  -1.9349459617644398  0.06505403823556022
16.080000165805217  16.08499999302945  0.0730717043380212  0.004807765172280015  0.07356249857172172  -0.10208365344677583  -1.1020836534467757  0.8979163465532242
16.08499999302945  16.090000441280388  0.07597854735804373  0.004904394143112248  0.07352535482398348  0.5002029735936967  -0.4997970264063033  1.5002029735936966
16.090000441280388  16.095000263453315  0.07889026135930599  0.004999467175360637  0.07348823189347491  1.080521038812783  0.08052103881278305  2.0805210388127833
16.095000263453315  16.099999455481544  0.0722918617180844  0.004787645499903726  0.07345111181261567  -0.24213365307740095  -1.242133653077401  0.757866346922599
16.099999455481544  16.105000507114895  0.07107681766065521  0.004749019639792412  0.07341397268715839  -0.49213420953663434  -1.4921342095366343  0.5078657904633657
16.105000507114895  16.109999675869688  0.07430993149651001  0.004857792189159585  0.07337680564741393  0.19208846586282705  -0.807911534137173  1.192088465862827
16.109999675869688  16.114999452262715  0.07120194292133417  0.004757379922933331  0.07333962484195836  -0.44934017363619205  -1.449340173636192  0.5506598263638079
16.114999452262715  16.119999834535122  0.0770122439721431  0.004950534540645019  0.07330245439775648  0.7493715161319251  -0.2506284838680749  1.7493715161319252
16.119999834535122  16.12499957091595  0.07456940254312251  0.0048747543421068865  0.07326531077910836  0.26751948354601945  -0.7324805164539805  1.2675194835460195
16.12499957091595  16.129999908099272  0.07341190884362056  0.004840637920619489  0.07322819854527174  0.03795167111472515  -0.9620483288852748  1.0379516711147252
16.129999908099272  16.13499959275674  0.06842478306313135  0.004677421876167212  0.07319111824649316  -1.0190090416362982  -2.0190090416362985  -0.01900904163629824
16.13499959275674  16.139999873125866  0.08488508401620909  0.005214449260319692  0.07315406763001001  2.249713402231835  1.2497134022318348  3.249713402231835
16.139999873125866  16.144999494319972  0.07669047484882084  0.004960694432988147  0.07311704510386298  0.7203486917466426  -0.2796513082533574  1.7203486917466426
16.144999494319972  16.14999970612095  0.07102559774476297  0.004777698728022789  0.07308005457995495  -0.43000970805084804  -1.430009708050848  0.569990291949152
16.14999970612095  16.155000506747694  0.07433842633552142  0.004891109360809824  0.07304310501306113  0.26483180540575885  -0.7351681945942412  1.2648318054057588
16.155000506747694  16.15999938353289  0.07474759986794044  0.004907420351742565  0.07300620585522101  0.35484916471463096  -0.645150835285369  1.354849164714631
16.15999938353289  16.16500009868345  0.06773717216396498  0.004674308959759584  0.07296935916235435  -1.119349842604005  -2.119349842604005  -0.11934984260400494
16.16500009868345  16.170000138748165  0.06846557808202292  0.004702235208209836  0.07293255831814499  -0.9499695439145583  -1.9499695439145583  0.050030456085441655
16.170000138748165  16.174999499601164  0.06887706937615781  0.004719379030255096  0.07289579860948893  -0.8515377145102684  -1.8515377145102683  0.14846228548973162
16.174999499601164  16.179999435663305  0.07155821576882347  0.004813526493460547  0.07285907608102488  -0.2702509924831002  -1.2702509924831002  0.7297490075168998
16.179999435663305  16.184999945133946  0.07067888102558854  0.004786977855220654  0.07282239103872365  -0.44777938773988724  -1.4477793877398872  0.5522206122601128
16.184999945133946  16.189999766102382  0.08083092366258336  0.005122451651727191  0.07278574433416733  1.570572037649853  0.5705720376498531  2.5705720376498533
16.189999766102382  16.195000155312542  0.07215417199463695  0.004842670944315476  0.0727491440437415  -0.12286030910337936  -1.1228603091033793  0.8771396908966207
16.195000155312542  16.199999849290062  0.08037986357763  0.005114448244451766  0.07271258635024237  1.499140642532693  0.49914064253269297  2.499140642532693
16.199999849290062  16.205000106328573  0.07625177715240661  0.0049847346108493566  0.07267607313975963  0.7173308695039459  -0.28266913049605413  1.7173308695039458
16.205000106328573  16.20999966138913  0.07277450296801047  0.004873341172178771  0.07263960148688438  0.027681517948349346  -0.9723184820516506  1.0276815179483494
16.20999966138913  16.21499977431599  0.06700859694592248  0.00468008341840451  0.07260316835865259  -1.1953999346954725  -2.1953999346954722  -0.19539993469547245
16.21499977431599  16.220000443286203  0.07433002155017467  0.004933456805457921  0.07256677595380409  0.35740570271536304  -0.642594297284637  1.357405702715363
16.220000443286203  16.225000400912464  0.0747945523133524  0.004953390233561469  0.07253041851859367  0.45708770922553227  -0.5429122907744677  1.4570877092255323
16.225000400912464  16.22999964302566  0.06737143772020375  0.004705425317334362  0.07249409482947712  -1.088670367459021  -2.088670367459021  -0.08867036745902102
16.22999964302566  16.234999432574245  0.07143766265092036  0.004849504533116028  0.07245780960611016  -0.21036106848101427  -1.2103610684810142  0.7896389315189858
16.234999432574245  16.239999767722214  0.07188394276450211  0.004868594934815682  0.07242156774829445  -0.11042713369883042  -1.1104271336988305  0.8895728663011696
16.239999767722214  16.24499937794743  0.07430958720082587  0.004953972480055058  0.07238536882006824  0.38841927130290327  -0.6115807286970967  1.3884192713029033
16.24499937794743  16.249999528529276  0.07244175545039688  0.004895160191470786  0.0723492134317395  0.018904798829387857  -0.9810952011706121  1.0189047988293878
16.249999528529276  16.25500021762244  0.06924419805386364  0.004789721333266458  0.07231310186721986  -0.6407270068180149  -1.6407270068180149  0.35927299318198513
16.25500021762244  16.260000172351383  0.08130333945561456  0.005194279823442712  0.07227703223459273  1.7377398846100873  0.7377398846100873  2.7377398846100873
16.260000172351383  16.264999388519577  0.07113298816968253  0.004862550966000683  0.07224100582188621  -0.22786756580054968  -1.2278675658005498  0.7721324341994503
16.264999388519577  16.2700004071085  0.07058839999734429  0.004848031215935424  0.07220502730904027  -0.3334605821806912  -1.3334605821806913  0.6665394178193088
16.2700004071085  16.274999408486305  0.0727204375977105  0.004925249513729083  0.07216910110942172  0.11194082386119703  -0.888059176138803  1.111940823861197
16.274999408486305  16.28000020856533  0.07387561167984442  0.004969411411686757  0.07213323511828762  0.3506203083647299  -0.6493796916352701  1.35062030836473
16.28000020856533  16.285000257951552  0.07137909362929327  0.004890814907251404  0.07209744754729303  -0.1468781648094435  -1.1468781648094435  0.8531218351905565
16.285000257951552  16.28999955242895  0.07162195911545159  0.004907455776163649  0.07206177726231376  -0.08962243714929496  -1.0896224371492949  0.910377562850705
16.28999955242895  16.29499936428225  0.07335966963550133  0.004979978868900949  0.07202625631734108  0.26775481448067523  -0.7322451855193248  1.2677548144806752
16.29499936428225  16.299999691637236  0.07533207186478673  0.005067383525881709  0.07199083676675781  0.6593610057268255  -0.34063899427317446  1.6593610057268255
16.299999691637236  16.305000532616905  0.06823380510130808  0.004849165375755996  0.07195541530746186  -0.7674743832743741  -1.767474383274374  0.23252561672562588
16.305000532616905  16.310000606485012  0.07708545320015406  0.005185328718061962  0.07191993333608901  0.9961798267623961  -0.0038201732376038633  1.996179826762396
16.310000606485012  16.31499990900607  0.06845298084533176  0.004914637607960969  0.07188443288910325  -0.6982105940452339  -1.698210594045234  0.3017894059547661
16.31499990900607  16.319999716365245  0.07200954374119201  0.005066573817345125  0.07184900876842994  0.03168511474410775  -0.9683148852558923  1.0316851147441077
16.319999716365245  16.325000026672466  0.06727824449268387  0.004919872494118271  0.07181371020002975  -0.9218665143798029  -1.9218665143798028  0.07813348562019706
16.325000026672466  16.32999955604027  0.07585178869072605  0.005246777934748835  0.07177851729380216  0.7763376776339332  -0.22366232236606676  1.7763376776339332
16.32999955604027  16.33499958299702  0.07613748759498125  0.005279184913629006  0.07174338181879675  0.8323454942524291  -0.1676545057475709  1.832345494252429
16.33499958299702  16.3400001056433  0.06127712317672963  0.0047560271367390414  0.07170826651424662  -2.1932472287509053  -3.1932472287509053  -1.1932472287509053
16.3400001056433  16.344999837726025  0.07181265578614519  0.005169188073796168  0.07167312920795256  0.026991971698595678  -0.9730080283014043  1.0269919716985956
16.344999837726025  16.350000060119005  0.06966141161798521  0.005107822521046257  0.07163791692240665  -0.3869565350552906  -1.3869565350552906  0.6130434649447094
16.350000060119005  16.354999484990632  0.07859662652964071  0.005436642338163252  0.07160264613349003  1.2864521815340835  0.28645218153408347  2.2864521815340835
16.354999484990632  16.359999394779276  0.06891151621319397  0.00509408585985239  0.07156737239404438  -0.5213607021785419  -1.521360702178542  0.4786392978214581
16.359999394779276  16.36499978756964  0.06806941619112325  0.0050595598593323994  0.07153210694404194  -0.6843857665863429  -1.6843857665863429  0.31561423341365713
16.36499978756964  16.369999373160937  0.06742890251569177  0.0050258536557764456  0.0714968552483518  -0.8094053291791623  -1.8094053291791623  0.1905946708208377
16.369999373160937  16.374999436340538  0.06328986831975862  0.004854111315001522  0.07146166251778735  -1.6834789455227332  -2.683478945522733  -0.6834789455227332
16.374999436340538  16.37999997518379  0.07166728226717159  0.005145411000967619  0.07142655599308061  0.04678465414049789  -0.9532153458595021  1.046784654140498
16.37999997518379  16.3849996971185  0.06993331538295906  0.005060197107501504  0.07139151957922547  -0.28817142203901486  -1.2881714220390148  0.7118285779609852
16.3849996971185  16.389999889283256  0.06925731044823108  0.005011283107119352  0.07135660050907849  -0.41891268483016403  -1.418912684830164  0.5810873151698359
16.389999889283256  16.395000549744065  0.0661170727351881  0.004874215269655874  0.07132191103122934  -1.0678310267590416  -2.0678310267590416  -0.06783102675904162
16.395000549744065  16.400000383555085  0.07288922586071513  0.005103266565648938  0.07128751127362025  0.31386065503149035  -0.6861393449685096  1.3138606550314904
16.400000383555085  16.404999386410935  0.06793457980317448  0.004928492420840636  0.07125336599049216  -0.6733877023496768  -1.6733877023496768  0.3266122976503232
16.404999386410935  16.41000014317421  0.07071345564647401  0.005050961117605287  0.07121932214042942  -0.10015252190166278  -1.1001525219016628  0.8998474780983372
16.41000014317421  16.415000063514576  0.08180902488162439  0.005478337507666209  0.07118511962948325  1.9392571628298532  0.9392571628298532  2.939257162829853
16.415000063514576  16.420000439279544  0.06668192123929025  0.004998021305197422  0.07115054515865628  -0.8940786056112101  -1.89407860561121  0.10592139438878989
16.420000439279544  16.424999971562315  0.06695231252029764  0.0050611191036966765  0.07111558938985856  -0.8226000582598488  -1.822600058259849  0.17739994174015117
16.424999971562315  16.42999995378176  0.07444805595889303  0.0053868722705244145  0.07108034066986839  0.6251708078270056  -0.3748291921729944  1.6251708078270055
16.42999995378176  16.435000383978593  0.07395882677612542  0.005408405054217578  0.07104483099477904  0.5387902259787274  -0.4612097740212726  1.5387902259787274
16.435000383978593  16.439999960866714  0.06737926512103676  0.005183020393925905  0.07100910343945004  -0.7003326328152534  -1.7003326328152535  0.2996673671847466
16.439999960866714  16.444999980224107  0.07970470969153153  0.0056359740715387074  0.07097338393431196  1.549213258682678  0.5492132586826779  2.549213258682678
16.444999980224107  16.450000440082125  0.06567237152331346  0.0050971645682201345  0.07093798944457309  -1.0330484430676958  -2.033048443067696  -0.03304844306769583
16.450000440082125  16.455000036773168  0.08541948339966333  0.005785337423360428  0.0709030122036881  2.5091831528027466  1.5091831528027466  3.5091831528027466
16.455000036773168  16.46000006843652  0.07190435400568276  0.005286513245718742  0.07086827369377577  0.1959855700250174  -0.8040144299749826  1.1959855700250175
16.46000006843652  16.465000533094173  0.08232230549807079  0.005640631429425103  0.0708335995635675  2.036776569830628  1.0367765698306282  3.036776569830628
16.465000533094173  16.470000124694852  0.06314605057935509  0.004930878133693038  0.07079893231736341  -1.5520322203292036  -2.5520322203292034  -0.5520322203292036
16.470000124694852  16.475000143741322  0.06797523455439851  0.005109331505537428  0.07076425985005842  -0.5458689248558642  -1.5458689248558644  0.45413107514413575
16.475000143741322  16.48000058824619  0.07398255828096316  0.005325381073132054  0.07072959940327969  0.6108405826759509  -0.38915941732404913  1.6108405826759509
16.48000058824619  16.485000149772368  0.07235927084791993  0.005263362474482612  0.07069496722723444  0.31620539697849714  -0.6837946030215029  1.3162053969784973
16.485000149772368  16.490000131188246  0.0692492585495974  0.005147256851187229  0.07066036025693279  -0.2741463556476522  -1.2741463556476522  0.7258536443523478
16.490000131188246  16.49500053049705  0.0757281244190265  0.005381763458134415  0.07062576864477078  0.9480825038015415  -0.051917496198458535  1.9480825038015415
16.49500053049705  16.500000036873733  0.07533061877444394  0.005367084361442972  0.07059120273231689  0.8830522725103632  -0.11694772748963678  1.8830522725103633
16.500000036873733  16.50499995555445  0.07685856228243307  0.005421184994710919  0.07055668165002092  1.1624544520359412  0.16245445203594122  2.1624544520359414
16.50499995555445  16.510000284533053  0.06923309330981549  0.005146055298376971  0.07052219622196156  -0.2505031208181229  -1.250503120818123  0.749496879181877
16.510000284533053  16.51499971059438  0.06774505017335296  0.00509202978796531  0.07048773081958921  -0.5386222705763435  -1.5386222705763435  0.4613777294236565
16.51499971059438  16.51999954134452  0.07162741342767263  0.005237915225121036  0.07045327595511458  0.22416122103826422  -0.7758387789617358  1.2241612210382642
16.51999954134452  16.52499977476792  0.07130413245901299  0.005228272657107343  0.07041880924784084  0.169333787511755  -0.830666212488245  1.169333787511755
16.52499977476792  16.530000408846213  0.0640786796580628  0.0049585571029521595  0.07038426926377855  -1.2716581607906883  -2.2716581607906883  -0.2716581607906883
16.530000408846213  16.535000127174243  0.06529465670793459  0.005007871565379394  0.07034956994849728  -1.009393546653335  -2.0093935466533352  -0.009393546653335028
16.535000127174243  16.540000240521643  0.0661340655645045  0.005042675224434839  0.07031469306534956  -0.8290495252574207  -1.8290495252574206  0.1709504747425793
16.540000240521643  16.544999430886502  0.07390858234506616  0.005333892489043446  0.07027968458696031  0.6803470009116422  -0.31965299908835776  1.6803470009116421
16.544999430886502  16.550000327390865  0.07129939725615504  0.00524203594092003  0.07024463329816442  0.20121265284676648  -0.7987873471532335  1.2012126528467664
16.550000327390865  16.555000295256974  0.06483197416067635  0.005001895398824071  0.0702095936608179  -1.075116345177034  -2.075116345177034  -0.07511634517703403
16.555000295256974  16.56000064842182  0.06918249773145368  0.005170942660871968  0.07017458667722375  -0.19185843101241543  -1.1918584310124154  0.8081415689875846
16.56000064842182  16.565000065687673  0.06737122237942687  0.0051073991879362745  0.07013961083666807  -0.5420348704640439  -1.5420348704640439  0.45796512953595614
16.565000065687673  16.569999862576367  0.07642724816058384  0.005445215970135492  0.07010466032100367  1.1611271020757787  0.16112710207577874  2.1611271020757785
16.569999862576367  16.575000037041338  0.06919539242335765  0.005186413935381069  0.07006973607487775  -0.16858346873461771  -1.1685834687346177  0.8314165312653823
16.575000037041338  16.580000587033204  0.07751287954452554  0.005494742345518926  0.07003484759750257  1.3609431483391485  0.36094314833914853  2.3609431483391488
16.580000587033204  16.585000188154655  0.06790756453847453  0.005148059182082566  0.06999999632015999  -0.4064506074382406  -1.4064506074382406  0.5935493925617594
16.585000188154655  16.59000015910065  0.0684305429675937  0.005172862822096367  0.06996518494524673  -0.2966716942691135  -1.2966716942691134  0.7033283057308866
16.59000015910065  16.595000497812403  0.07326732519472452  0.0053578374504457  0.06993041586817153  0.6228089891520338  -0.37719101084796625  1.6228089891520336
16.595000497812403  16.599999877490223  0.06949244864740925  0.005223372300201572  0.06989569097322587  -0.07719961408859438  -1.0771996140885944  0.9228003859114056
16.599999877490223  16.604999619211274  0.07318722924952663  0.005366348012924742  0.06986100982207881  0.6198292431718337  -0.38017075682816626  1.6198292431718337
16.604999619211274  16.609999720907357  0.07060145439394783  0.005277000461336196  0.06982637235948623  0.14687928116370522  -0.8531207188362948  1.1468792811637052
16.609999720907357  16.61500018050744  0.06564375437920648  0.0050949434470758505  0.06979177717515497  -0.8141450124101328  -1.8141450124101328  0.18585498758986718
16.61500018050744  16.61999966800557  0.07336404453335237  0.005393831827686194  0.06975723012429842  0.6686924109388046  -0.3313075890611954  1.6686924109388046
16.61999966800557  16.62499950765872  0.07041228784055091  0.005292511647794197  0.06972273383529087  0.13028861363912647  -0.8697113863608735  1.1302886136391264
16.62499950765872  16.629999697386467  0.07385459553327513  0.005429897854488789  0.06968829195654581  0.767289493905508  -0.23271050609449195  1.767289493905508
16.629999697386467  16.635000235105515  0.08055832967067589  0.0056821464654102875  0.06965392201236285  1.9190648683016072  0.9190648683016072  2.919064868301607
16.635000235105515  16.639999787599738  0.06521261716697427  0.005123587090854419  0.06961966734386182  -0.8601493638615259  -1.8601493638615259  0.13985063613847415
16.639999787599738  16.644999682309845  0.07484278495557639  0.005502550985756222  0.06958558565588421  0.9554112834757639  -0.04458871652423613  1.955411283475764
16.644999682309845  16.649999917143152  0.0797580607705394  0.005697004340752815  0.06955169932073159  1.7915312749189727  0.7915312749189727  2.791531274918973
16.649999917143152  16.65500049000412  0.08155856679214753  0.005781533510637039  0.06951798195859266  2.0825936252729904  1.0825936252729904  3.0825936252729904
16.65500049000412  16.660000064462555  0.06695383843438607  0.005260390353713654  0.06948433670969144  -0.481047622923826  -1.481047622923826  0.5189523770761739
16.660000064462555  16.664999971146788  0.07920355986169603  0.005746030160382706  0.06945065191849815  1.6973297513196977  0.6973297513196977  2.697329751319698
16.664999971146788  16.670000207951873  0.06681264237159282  0.005298587197881095  0.06941698478375129  -0.49151638255570296  -1.491516382555703  0.508483617444297
16.670000207951873  16.674999436034458  0.06869363394695371  0.005397081598693044  0.06938349481077438  -0.12782109204865913  -1.127821092048659  0.8721789079513409
16.674999436034458  16.680000325953113  0.07089268138026311  0.005518987760331409  0.06935012907233663  0.27949913551427225  -0.7205008644857278  1.2794991355142722
16.680000325953113  16.68500020132096  0.06995101547633589  0.005530113338672739  0.06931658099057096  0.11472359550540383  -0.8852764044945962  1.1147235955054038
16.68500020132096  16.690000396756353  0.07651630701670198  0.005834313713588848  0.06928263862226554  1.2398490635819446  0.23984906358194458  2.2398490635819446
16.690000396756353  16.694999570195165  0.07111484816708677  0.005657593547237695  0.06924835275244991  0.3299097750753382  -0.6700902249246619  1.3299097750753381
16.694999570195165  16.70000039859976  0.06269871713240133  0.005318035777683873  0.06921392824282256  -1.2251160734497288  -2.225116073449729  -0.22511607344972884
16.70000039859976  16.705000199153034  0.06983097409965333  0.005590952480494172  0.06917966242203766  0.11649386752757909  -0.8835061324724209  1.116493867527579
16.705000199153034  16.71000030966957  0.07811532974204308  0.005871507732673792  0.0691457935538681  1.5276376352638121  0.5276376352638121  2.527637635263812
16.71000030966957  16.714999384860683  0.06602905586080977  0.005355663638831533  0.06911233089447359  -0.5757036366713495  -1.5757036366713495  0.4242963633286505
16.714999384860683  16.72000010810012  0.07071243479242711  0.005504955582499506  0.06907916061798688  0.2966916172098628  -0.7033083827901372  1.2966916172098628
16.72000010810012  16.72499979013296  0.07558321982925523  0.005665201841836716  0.06904615969271263  1.153897128301295  0.1538971283012951  2.153897128301295
16.72499979013296  16.729999771973816  0.07480626388775306  0.005622783112096104  0.06901319470266763  1.030285015373079  0.030285015373078927  2.030285015373079
16.729999771973816  16.73500005147809  0.06162680757905284  0.0051002708848189166  0.06898018153424683  -1.4417614517459238  -2.441761451745924  -0.44176145174592385
16.73500005147809  16.74000062649833  0.07688691159892413  0.005699237068288501  0.06894711602415071  1.3931330596777165  0.3931330596777165  2.3931330596777167
16.74000062649833  16.74500014690203  0.07197227862300985  0.005520021787141659  0.06891401500056542  0.5540310782048625  -0.4459689217951375  1.5540310782048625
16.74500014690203  16.749999956907814  0.07645000185020187  0.005698246700567869  0.06888083964457105  1.3283317840339386  0.3283317840339386  2.3283317840339386
16.749999956907814  16.755000054358813  0.07593413747563335  0.0056915042314555405  0.06884750767550507  1.2451242258526718  0.2451242258526718  2.245124225852672
16.755000054358813  16.76000043709529  0.05967125068433079  0.005061249425060776  0.06881394925450646  -1.806411382317102  -2.806411382317102  -0.806411382317102
16.76000043709529  16.764999751750576  0.0727739148917517  0.005614629428826728  0.06878013810202126  0.7113161857531565  -0.28868381424684353  1.7113161857531565
16.764999751750576  16.76999934575105  0.07142592123242805  0.005594509920531599  0.06874604684935905  0.4790186130931656  -0.5209813869068344  1.4790186130931655
16.76999934575105  16.775000569743955  0.06427648290611655  0.005337871366249163  0.068711623553341  -0.8308818895988036  -1.8308818895988037  0.1691181104011964
16.775000569743955  16.77999936310806  0.06654430953502075  0.005451522249998854  0.06867690360872274  -0.3911924001965558  -1.3911924001965559  0.6088075998034441
16.77999936310806  16.784999782117715  0.06879536926500869  0.005543688837234985  0.06864209519782857  0.027648389309050225  -0.9723516106909498  1.0276483893090502
16.784999782117715  16.790000471778782  0.06963635570864492  0.005557586217319153  0.06860741869050248  0.18514099069411732  -0.8148590093058827  1.1851409906941173
16.790000471778782  16.795000073866415  0.06523552582455856  0.005344302510732256  0.06857293578383566  -0.6244799864107684  -1.6244799864107684  0.3755200135892316
16.795000073866415  16.799999940626186  0.07874955733553779  0.005821334786068626  0.06853866386740817  1.7540467682026986  0.7540467682026986  2.7540467682026986
16.799999940626186  16.805000069870943  0.06793713738023954  0.0053541964939462176  0.06850467409676117  -0.10599848495723137  -1.1059984849572313  0.8940015150427686
16.805000069870943  16.81000045941067  0.08284251341366788  0.005857850300534207  0.06847102678737542  2.453372122702051  1.453372122702051  3.453372122702051
16.81000045941067  16.814999747776714  0.07149365868914689  0.005404412605988993  0.06843762904817466  0.5654693421419464  -0.43453065785805356  1.5654693421419466
16.814999747776714  16.820000650516242  0.062037315032871646  0.005015419659024473  0.06840425949316938  -1.2694739210589088  -2.2694739210589088  -0.26947392105890877
16.820000650516242  16.825000446070135  0.07683989948717899  0.0055745522138788825  0.06837075338055627  1.5192513733277466  0.5192513733277466  2.5192513733277466
16.825000446070135  16.830000491511854  0.07521448619032262  0.005514993703812114  0.06833711823878318  1.247030970640203  0.24703097064020296  2.247030970640203
16.830000491511854  16.834999422125104  0.07406480049803982  0.005475027595715787  0.06830342371045157  1.0523009586465875  0.05230095864658746  2.0523009586465877
16.834999422125104  16.839999959914568  0.0717253907378953  0.005391210505508989  0.06826971037502186  0.6409841276541272  -0.35901587234587284  1.6409841276541273
16.839999959914568  16.84499937683722  0.06208574657644909  0.005019335117255483  0.0682359988597821  -1.2253121458636362  -2.2253121458636365  -0.22531214586363624
16.84499937683722  16.85000039812973  0.07273985248450114  0.0054368318388515234  0.06820229822289756  0.8345952930120598  -0.1654047069879402  1.8345952930120597
16.85000039812973  16.85500029250451  0.0728472745832064  0.005444860943482462  0.06816859874724544  0.8592828879425034  -0.1407171120574966  1.8592828879425034
16.85500029250451  16.8600004218715  0.06888346949640595  0.005298728422800458  0.06813484842808218  0.1412831548607869  -0.8587168451392131  1.141283154860787
16.8600004218715  16.86499941663607  0.07919940623588728  0.005686185986473583  0.06810090102833706  1.9518364742116368  0.9518364742116368  2.9518364742116368
16.86499941663607  16.870000008504057  0.06706541877202159  0.005236929371130675  0.06806650539560702  -0.1911590843871367  -1.1911590843871367  0.8088409156128633
16.870000008504057  16.874999459692326  0.07128771463146599  0.005404307699332554  0.06803147606603456  0.6025264930480518  -0.39747350695194816  1.6025264930480518
16.874999459692326  16.880000505144515  0.0788211234079869  0.005688424602178744  0.06799587453361347  1.9030310905812513  0.9030310905812513  2.9030310905812513
16.880000505144515  16.88500040382712  0.07528017775137993  0.005564870867506123  0.06795994046027397  1.315437045242076  0.31543704524207605  2.315437045242076
16.88500040382712  16.890000522495278  0.07748582002929649  0.00565123423989036  0.06792388112720371  1.6920089481688674  0.6920089481688674  2.6920089481688674
16.890000522495278  16.894999486667334  0.07720661644063496  0.005645906956319672  0.06788779720705768  1.650544244826138  0.650544244826138  2.650544244826138
16.894999486667334  16.90000003776764  0.056241220326777815  0.004822644856365252  0.06785174038087378  -2.4075005313260056  -3.4075005313260056  -1.4075005313260056
16.90000003776764  16.90499942825562  0.07042382160164697  0.005401260554929637  0.06781572405829545  0.48286830765295047  -0.5171316923470495  1.4828683076529505
16.90499942825562  16.910000402799152  0.07429700187686657  0.005553218648902652  0.06777973716214486  1.1736013160601138  0.17360131606011375  2.1736013160601138
16.910000402799152  16.915000210601566  0.07029077979002298  0.005406983060770998  0.06774377434068893  0.4710585220459069  -0.5289414779540931  1.471058522045907
16.915000210601566  16.92000022327181  0.06835056517303398  0.005337282445142529  0.06770784220394375  0.12042138966716216  -0.8795786103328378  1.1204213896671622
16.92000022327181  16.92500043855063  0.07015762180684343  0.005412778035084726  0.06767194774938805  0.45922334914597635  -0.5407766508540237  1.4592233491459763
16.92500043855063  16.929999476244063  0.06778827211728658  0.005325949655450256  0.0676360954047199  0.028572690770923358  -0.9714273092290766  1.0285726907709234
16.929999476244063  16.93500008913667  0.06960880194485029  0.005402690822328356  0.06760028492640524  0.3717623466707015  -0.6282376533292985  1.3717623466707014
16.93500008913667  16.939999518282466  0.07648990045329208  0.005669808644247841  0.06756450736353899  1.574196529332276  0.5741965293322759  2.574196529332276
16.939999518282466  16.9450005197163  0.061925337798581837  0.005107515778238533  0.06752875824155477  -1.0970931243809943  -2.0970931243809945  -0.09709312438099427
16.9450005197163  16.95000033122933  0.07389616934432544  0.0055860253407257155  0.06749303652072018  1.1462770812946916  0.14627708129469164  2.1462770812946914
16.95000033122933  16.955000330104387  0.07068409400008473  0.005469699410789235  0.06745734074985446  0.5899324639056661  -0.4100675360943339  1.589932463905666
16.955000330104387  16.9600005140613  0.08145164629666674  0.0058782662394148396  0.06742167223478035  2.386753762157432  1.386753762157432  3.386753762157432
16.9600005140613  16.964999497181996  0.06122610818116176  0.00510217568176348  0.06738602816016412  -1.2073124022403878  -2.2073124022403876  -0.20731240224038783
16.964999497181996  16.97000004363483  0.07585143919073005  0.005685305732939478  0.06735038986328609  1.4952668733698256  0.49526687336982556  2.4952668733698253
16.97000004363483  16.974999383044857  0.07217703227537647  0.005552079405798192  0.06731471639110151  0.8757648313165545  -0.12423516868344553  1.8757648313165545
16.974999383044857  16.980000282837384  0.06592295919672049  0.0053122234377225505  0.06727890870173395  -0.25525084193273007  -1.25525084193273  0.7447491580672699
16.980000282837384  16.984999969367937  0.0733864761954561  0.005612004097518358  0.06724278525112816  1.094740994049648  0.09474099404964798  2.0947409940496478
16.984999969367937  16.989999825604947  0.06455477888075289  0.0052708756238680115  0.06720617760662845  -0.5030281332895199  -1.50302813328952  0.4969718667104801
16.989999825604947  16.99499984924733  0.06301839576225997  0.005215439542312086  0.06716905333552685  -0.7958404156721994  -1.7958404156721994  0.20415958432780057
16.99499984924733  17.000000037991118  0.06017667320120657  0.005104118803423279  0.06713143759935367  -1.362578863462701  -2.362578863462701  -0.36257886346270096
17.000000037991118  17.005000389529474  0.06253739855579545  0.0052114498796496204  0.06709318783420119  -0.8741884472871581  -1.8741884472871582  0.12581155271284195
17.005000389529474  17.009999510567678  0.07626935789131785  0.0057654215324288195  0.06705397296390521  1.5983887519028355  0.5983887519028355  2.5983887519028355
17.009999510567678  17.015000179945176  0.06739848988951595  0.005431125089360437  0.06701357500802678  0.07087203390752458  -0.9291279660924754  1.0708720339075246
17.015000179945176  17.019999612558212  0.061143527342221615  0.005186126301325699  0.06697210299771512  -1.1238784628140628  -2.123878462814063  -0.12387846281406278
17.019999612558212  17.025000590511922  0.07171441172114676  0.00563441631520299  0.06692974223291742  0.8491863612064252  -0.1508136387935748  1.8491863612064252
17.025000590511922  17.030000325424293  0.07140675021085024  0.0056451992744248865  0.06688635441762747  0.8007504382887008  -0.19924956171129915  1.8007504382887007
17.030000325424293  17.035000207591423  0.0644694159673031  0.005391203399248078  0.06684150225976819  -0.4399919863524204  -1.4399919863524204  0.5600080136475796
17.035000207591423  17.04000023468555  0.06745839162751899  0.005545045634406157  0.0667948279414543  0.11966784943073906  -0.880332150569261  1.119667849430739
17.04000023468555  17.04500040437602  0.06112990513105293  0.005300635017519966  0.06674619839304993  -1.059551024251567  -2.059551024251567  -0.05955102425156711
17.04500040437602  17.04999931679469  0.06121268890539465  0.005307813281124619  0.0666952836365354  -1.0329290878859079  -2.0329290878859076  -0.03292908788590787
17.04999931679469  17.054999763854546  0.05982721286458827  0.005227127857851421  0.06664119170057349  -1.303579904928147  -2.3035799049281467  -0.3035799049281469
17.054999763854546  17.06000034650129  0.06614343930275041  0.005455418926652945  0.06658306459673792  -0.08058506594969218  -1.0805850659496923  0.9194149340503078
17.06000034650129  17.064999662397984  0.06324022296368165  0.0052884131164445715  0.06652096213016398  -0.6203636316309553  -1.6203636316309553  0.3796363683690447
17.064999662397984  17.070000508368494  0.06797365819633548  0.005442248197178616  0.06645500958045812  0.2790480258994188  -0.7209519741005812  1.2790480258994188
17.070000508368494  17.075000081254412  0.06776526974539414  0.005408257300620963  0.06638279893845508  0.25562223283650387  -0.7443777671634961  1.2556222328365039
17.075000081254412  17.07999977869894  0.061461732858878716  0.00513968830244276  0.06629935239655113  -0.9412281938134707  -1.9412281938134708  0.05877180618652933
17.07999977869894  17.08499959834762  0.06611900628148026  0.005328021362015517  0.06620137284119718  -0.01545912715442718  -1.015459127154427  0.9845408728455728
17.08499959834762  17.08999953784311  0.060984921933555175  0.005117740962381838  0.06609037773169002  -0.9975994947111818  -1.997599494711182  0.002400505288818189
17.08999953784311  17.0949995948252  0.06963678117352917  0.005471182243089576  0.06596947489795901  0.6702950317917445  -0.32970496820825546  1.6702950317917447
17.0949995948252  17.099999766930797  0.07101130621700166  0.005528222691346638  0.06583777394523416  0.9358400630035524  -0.06415993699644762  1.9358400630035524
17.099999766930797  17.105000051793926  0.07196822574593777  0.005569068508646806  0.06569071746850771  1.1272097421109641  0.12720974211096414  2.1272097421109644
17.105000051793926  17.110000447045728  0.06991172591163217  0.005492783941841151  0.06552642597211508  0.7983747378286924  -0.2016252621713076  1.7983747378286923
17.110000447045728  17.114999542103806  0.05748058690720251  0.00498419899613329  0.06534972169079502  -1.5788163333160137  -2.5788163333160137  -0.5788163333160137
17.114999542103806  17.12000015019186  0.06622556434242224  0.005354019547057754  0.06516999021710244  0.1971554485451714  -0.8028445514548286  1.1971554485451714
17.12000015019186  17.12499945168777  0.058962159894381715  0.0050559634994164215  0.0649975931155235  -1.193725631492081  -2.193725631492081  -0.193725631492081
17.12499945168777  17.13000026310106  0.07035045328185875  0.005527253619461081  0.06484170159511811  0.9966525992845173  -0.0033474007154826735  1.9966525992845172
17.13000026310106  17.134999761511228  0.07089582143427359  0.0055529892998875  0.06470856375014915  1.1142210708473337  0.11422107084733368  2.114221070847334
17.134999761511228  17.139999354388078  0.06271684630384872  0.0052264038586540594  0.06459897938787615  -0.3601201007287121  -1.360120100728712  0.639879899271288
17.139999354388078  17.145000452493495  0.059735630752818444  0.005103559357221128  0.06450620976724857  -0.9347552718633779  -1.934755271863378  0.06524472813662208
17.145000452493495  17.15000022795578  0.06852563455530963  0.005468941018841389  0.06441561033284765  0.7515210363948486  -0.24847896360515143  1.7515210363948486
17.15000022795578  17.155000090706988  0.06772072406696338  0.005439459453785763  0.0643074746213501  0.6274979112561859  -0.3725020887438141  1.627497911256186
17.155000090706988  17.16000003834868  0.060794141462729635  0.005156491777808539  0.06416025612005746  -0.6527916270155268  -1.6527916270155267  0.34720837298447316
17.16000003834868  17.165000068479543  0.06830822748841629  0.005469035178709003  0.06395584965853239  0.7958218749127348  -0.20417812508726518  1.7958218749127348
17.165000068479543  17.170000178695375  0.06401314742837017  0.005297765775969067  0.06368805451230936  0.061364154212979284  -0.9386358457870208  1.0613641542129792
17.170000178695375  17.175000366589096  0.06805866295883486  0.0054666033587796705  0.06336730256343538  0.8581856204849582  -0.14181437951504183  1.8581856204849583
17.175000366589096  17.18000062975074  0.06288862463201542  0.005259010986885801  0.06301534569278126  -0.024095987074725777  -1.0240959870747257  0.9759040129252742
17.18000062975074  17.18499954601413  0.06343177271635152  0.0052859810596959595  0.0626597950449656  0.14604245884874936  -0.8539575411512507  1.1460424588487494
17.18499954601413  17.18999995164385  0.06133031283914402  0.005201969240397134  0.06233752094739401  -0.19362054285678565  -1.1936205428567856  0.8063794571432144
17.18999995164385  17.195000425294047  0.05922218756554462  0.005116017793173103  0.062099984553113205  -0.5625072280649135  -1.5625072280649135  0.4374927719350865
17.195000425294047  17.199999542310348  0.06109111137956766  0.0052004207533167075  0.06200664693624093  -0.17605028517920654  -1.1760502851792065  0.8239497148207935
17.199999542310348  17.20500014390704  0.05764404618126723  0.005055717296858516  0.062106436549897004  -0.8826423841781236  -1.8826423841781237  0.11735761582187643
17.20500014390704  17.20999938236372  0.06795213566209383  0.005493604565119874  0.062420136228913924  1.006989011969267  0.006989011969267045  2.0069890119692673
17.20999938236372  17.215000102196846  0.07428702750182634  0.005748502775681559  0.06293310639256691  1.975109267980353  0.975109267980353  2.9751092679803532
17.215000102196846  17.219999452371322  0.06727262623362137  0.005474568682014701  0.0635971552965397  0.6713717829783543  -0.3286282170216457  1.6713717829783543
17.219999452371322  17.22500028070776  0.07138862200081333  0.005643766113584422  0.06434593811212189  1.2478695514578209  0.24786955145782086  2.247869551457821
17.22500028070776  17.229999732854377  0.06389908187366276  0.00534350966636394  0.06512145102138978  -0.22875773116338302  -1.228757731163383  0.771242268836617
17.229999732854377  17.23500065993794  0.0769795444379103  0.005869635235818265  0.06588421519386282  1.8902928032632191  0.8902928032632191  2.890292803263219
17.23500065993794  17.240000204287973  0.06680744163725198  0.0054730788717449646  0.06659208376666469  0.039348577945604375  -0.9606514220543956  1.0393485779456044
17.240000204287973  17.24499979065481  0.07281508160259653  0.005720893108205314  0.0671828774572433  0.9844973571128467  -0.015502642887153306  1.9844973571128466
17.24499979065481  17.249999416587368  0.06861495320608059  0.005565407609955582  0.06760178704767141  0.1820470717359145  -0.8179529282640855  1.1820470717359144
17.249999416587368  17.255000510974718  0.062369388915212626  0.005328576502682677  0.06784602541401566  -1.027786031794011  -2.027786031794011  -0.027786031794011068
17.255000510974718  17.26000020950355  0.06929445753781098  0.005657868765686415  0.06796336517074791  0.23526391688966247  -0.7647360831103376  1.2352639168896624
17.26000020950355  17.26499994022781  0.06316219526054956  0.005456382617599339  0.06800430856541738  -0.8874218771333542  -1.8874218771333542  0.11257812286664581
17.26499994022781  17.269999700684888  0.07276958646955611  0.005921904961847468  0.06799054963357971  0.8070100528066333  -0.1929899471933667  1.8070100528066333
17.269999700684888  17.27499948840929  0.07035049311958193  0.00588300377713092  0.06792660191277027  0.4120159188464379  -0.5879840811535622  1.4120159188464378
17.27499948840929  17.279999300932626  0.0680714284810171  0.005837076836561956  0.06782186187146486  0.04275540934959368  -0.9572445906504063  1.0427554093495937
17.279999300932626  17.285000572108142  0.07095653971313283  0.005996922143936717  0.0676928638669765  0.5442251488050623  -0.45577485119493766  1.5442251488050625
17.285000572108142  17.29000042764374  0.06575828776920274  0.005789694406481574  0.06755562634069208  -0.31043755426490505  -1.310437554264905  0.689562445735095
17.29000042764374  17.29500030055607  0.07325918902674393  0.006104932418895328  0.06742112325142065  0.9562867161729637  -0.04371328382703632  1.9562867161729636
17.29500030055607  17.30000018836521  0.07170604809085752  0.006017437883497352  0.06729431072247609  0.7331587718554587  -0.26684122814454125  1.7331587718554586
17.30000018836521  17.305000088588365  0.06408173107729964  0.0056640783243664125  0.06717474228853053  -0.5460749364861351  -1.5460749364861353  0.45392506351386486
17.305000088588365  17.309999998739844  0.0656247859885175  0.005711904458737724  0.06705939898131059  -0.25116193787144164  -1.2511619378714416  0.7488380621285584
17.309999998739844  17.31499991633108  0.06628275339096948  0.005725957781505436  0.06694616851196487  -0.11586098715889802  -1.115860987158898  0.884139012841102
17.31499991633108  17.319999838870608  0.06455404372568641  0.005640112987700624  0.06683454456872975  -0.40433602093015525  -1.4043360209301552  0.5956639790698448
17.319999838870608  17.324999763864096  0.07714596081475443  0.006156917951590862  0.06672431056617699  1.6926732385453704  0.6926732385453704  2.69267323854537
17.324999763864096  17.32999968881432  0.05688000021392469  0.005281175437617763  0.06661472732843152  -1.8432879629724963  -2.8432879629724965  -0.8432879629724963
17.32999968881432  17.334999611221168  0.0631534857195194  0.005560354373937319  0.06650453280811112  -0.6026678990639295  -1.6026678990639294  0.3973321009360705
17.334999611221168  17.339999528581647  0.06649068867529126  0.005701529516481744  0.06639215579864759  0.01728183224498558  -0.9827181677550144  1.0172818322449855
17.339999528581647  17.34499943838988  0.06788012267667504  0.005757516859967411  0.06627611491310166  0.27859367199186125  -0.7214063280081388  1.2785936719918611
17.34499943838988  17.349999338137106  0.06197267145462049  0.005499185342116367  0.0661556050416009  -0.7606460460506338  -1.760646046050634  0.2393539539493662
17.349999338137106  17.355000673293283  0.07122328622724838  0.0058944811087282695  0.06603024724520086  0.8810001909002503  -0.11899980909974972  1.8810001909002503
17.355000673293283  17.3600005462151  0.06147432622293705  0.005476568257357224  0.06589832411664  -0.8078047576161849  -1.8078047576161849  0.19219524238381513
17.3600005462151  17.365000401532562  0.06735851012309699  0.0057339371644465585  0.06575551786910114  0.2795622288879006  -0.7204377711120994  1.2795622288879005
17.365000401532562  17.37000023672536  0.06252204823172446  0.005526220534790595  0.06559705891503503  -0.5564400957130998  -1.5564400957131  0.4435599042869002
17.37000023672536  17.375000049270312  0.06111778997554865  0.0054665413207952785  0.06542139769249113  -0.7872633653332359  -1.787263365333236  0.21273663466676407
17.375000049270312  17.379999836641357  0.06854009492037401  0.005792695284145047  0.06522940259617888  0.5715288241134827  -0.4284711758865173  1.5715288241134826
17.379999836641357  17.384999596309537  0.058835267237030524  0.005370900507094378  0.06501795413375801  -1.1511453039505803  -2.1511453039505803  -0.15114530395058035
17.384999596309537  17.389999325743023  0.0638343460869262  0.00559864251427589  0.06477607214574882  -0.16820614218916824  -1.1682061421891683  0.8317938578108317
17.389999325743023  17.395000477070997  0.059501683423879986  0.005409243947625453  0.06448985291175051  -0.9221565039713601  -1.92215650397136  0.07784349602863994
17.395000477070997  17.40000013926436  0.05072268929605834  0.004997855083063688  0.06414897746522367  -2.6864100591198032  -3.6864100591198032  -1.6864100591198032
17.40000013926436  17.40499976361045  0.05276781012513533  0.005101256749500156  0.06374917679695079  -2.1526786850890156  -3.1526786850890156  -1.1526786850890156
17.40499976361045  17.409999347565897  0.052345165620166154  0.005084211932961689  0.06329332165604028  -2.153363427849187  -3.153363427849187  -1.1533634278491869
17.409999347565897  17.41500034659527  0.06328519561229307  0.005593673870771196  0.06279242512817175  0.08809424637646597  -0.911905753623534  1.088094246376466
17.41500034659527  17.419999842965037  0.05642633736593194  0.005284810697645383  0.06226385292993908  -1.104583664010521  -2.104583664010521  -0.1045836640105211
17.419999842965037  17.424999291296977  0.05550062294406469  0.005244315925684309  0.061729315908291  -1.187703611393997  -2.1877036113939967  -0.18770361139399694
17.424999291296977  17.43000014955971  0.06152411965115866  0.005525029045938893  0.061212747224078844  0.05635670409890214  -0.9436432959010979  1.0563567040989021
17.43000014955971  17.434999494986357  0.062101510014257275  0.005554527915890528  0.06073880282052374  0.2453326753179277  -0.7546673246820723  1.2453326753179277
17.434999494986357  17.44000024690194  0.07959513665658059  0.006292548062678853  0.060328369137876224  3.061838753838958  2.061838753838958  4.061838753838958
17.44000024690194  17.444999479181533  0.06177115354684821  0.00554721334466198  0.05999007257443763  0.321076703156639  -0.6789232968433609  1.321076703156639
17.444999479181533  17.4500001144976  0.06386222096725232  0.005644676188447229  0.05971332706817669  0.7350100803952279  -0.26498991960477214  1.7350100803952277
17.4500001144976  17.45500068808162  0.06597753363335097  0.005742607200315977  0.05946969785913615  1.1332545561982257  0.13325455619822568  2.1332545561982257
17.45500068808162  17.459999731806437  0.04708236639924585  0.004856175302832329  0.05921038916918704  -2.4974433610062654  -3.4974433610062654  -1.4974433610062654
17.459999731806437  17.465000173369372  0.06074710673195891  0.005522464248359901  0.05886973711702645  0.33995142938046413  -0.6600485706195358  1.3399514293804642
17.465000173369372  17.470000545476843  0.06693789688127096  0.005804251772472755  0.058385840444920255  1.4734123831274313  0.4734123831274313  2.4734123831274313
17.470000545476843  17.474999377473893  0.05600819066210156  0.005316062199456414  0.0577239952031851  -0.32275855261042485  -1.3227585526104249  0.6772414473895751
17.474999377473893  17.479999602086814  0.05868212080169958  0.005448498133609106  0.056883514452231256  0.3301104828087588  -0.6698895171912411  1.3301104828087589
17.479999602086814  17.48499974949491  0.04869622604786989  0.004970037759021179  0.05590023150509016  -1.4494870676071192  -2.4494870676071194  -0.4494870676071192
17.48499974949491  17.48999981710938  0.05494130094088231  0.00528672914797444  0.05484606207732674  0.01801470453466636  -0.9819852954653336  1.0180147045346664
17.48999981710938  17.494999802338516  0.057141954176109636  0.005399407149222673  0.05381651655741914  0.6158893979997857  -0.3841106020002143  1.6158893979997857
17.494999802338516  17.499999702587758  0.04502231994553895  0.004799395432190196  0.05291078306126753  -1.643636834510361  -2.643636834510361  -0.6436368345103609
17.499999702587758  17.504999515259637  0.057454728104348804  0.005428961507462159  0.0522202437542915  0.9641778345384208  -0.035822165461579236  1.9641778345384209
17.504999515259637  17.510000711715193  0.05143400941943436  0.005143400941943436  0.05182864878957411  -0.07672732003479439  -1.0767273200347944  0.9232726799652056
17.510000711715193  17.51500034227031  0.05723595973246659  0.005432596882463872  0.05182012611638337  0.9969143180060416  -0.0030856819939584224  1.9969143180060416
17.51500034227031  17.519999877438632  0.05478222464547943  0.005320920030663386  0.05228080822540313  0.47010975651976467  -0.5298902434802353  1.4701097565197647
17.519999877438632  17.524999314611183  0.05644318576808531  0.005406276695029251  0.05327466121309284  0.5860825728556844  -0.41391742714431556  1.5860825728556844
17.524999314611183  17.530000128506423  0.05602319319996579  0.005390834279143776  0.054805085222513296  0.22595908432302464  -0.7740409156769754  1.2259590843230246
17.530000128506423  17.534999362691696  0.057161219609401036  0.005450108445321544  0.05680064306189497  0.06615951794786507  -0.9338404820521349  1.0661595179478651
17.534999362691696  17.539999970053454  0.06091900259069974  0.0056319637818177315  0.059142066601055136  0.315509129405497  -0.684490870594503  1.315509129405497
17.539999970053454  17.545000470641543  0.060534987518056776  0.005620532489354583  0.06168680671948703  -0.2049306188714005  -1.2049306188714004  0.7950693811285995
17.545000470641543  17.549999381129897  0.06905728223511494  0.006010664909079931  0.06426585755465458  0.7971538511857899  -0.20284614881421015  1.7971538511857899
17.549999381129897  17.554999659455735  0.06295153397480706  0.005746662531259113  0.06669110266623628  -0.650737479552305  -1.6507374795523049  0.349262520447695
17.554999659455735  17.559999823130887  0.06893209835830189  0.006022625396980603  0.06879514064512905  0.02274053326336687  -0.9772594667366331  1.0227405332633668
17.559999823130887  17.564999869523994  0.06283274206293074  0.005759868021324988  0.07046893707971866  -1.3257586785871005  -2.3257586785871007  -0.3257586785871005
17.564999869523994  17.56999979600082  0.07472809119403113  0.0062932405556687335  0.0716752862126116  0.4850926886418916  -0.5149073113581084  1.4850926886418916
17.56999979600082  17.57499959992424  0.07129230315241004  0.006158716968034149  0.07244057745058517  -0.18644699929142136  -1.1864469992914213  0.8135530007085786
17.57499959992424  17.579999278654267  0.07957639763489097  0.006519152506241855  0.07283404819976053  1.0342371080711599  0.03423710807115987  2.03423710807116
17.579999278654267  17.5850003161631  0.08578960453683285  0.0067822637475376596  0.07294583514433471  1.893728977608863  0.8937289776088631  2.893728977608863
17.5850003161631  17.589999737420236  0.07432028270083793  0.006326562601692473  0.07287053527963926  0.22915246595534  -0.77084753404466  1.2291524659553401
17.589999737420236  17.5950005138533  0.07361405330414741  0.006312352994133255  0.07268955502319657  0.1464585839559472  -0.8535414160440528  1.1464585839559471
17.5950005138533  17.599999667043885  0.08548170869950035  0.006822183057495307  0.07245968513822423  1.908776626415682  0.908776626415682  2.908776626415682
17.599999667043885  17.60500017179688  0.0745809463160912  0.006395263385899525  0.07221495580014616  0.36995982388491705  -0.6300401761150829  1.369959823884917
17.60500017179688  17.6100005371493  0.054235533507087874  0.0054786162177331505  0.07197495820872515  -3.2379389241061305  -4.23793892410613  -2.2379389241061305
17.6100005371493  17.614999268749838  0.07613170445718054  0.006528239799447048  0.07174928062357896  0.6713025207763917  -0.32869747922360826  1.6713025207763916
17.614999268749838  17.61999934647278  0.065770275793315  0.006106616802718797  0.07153946667034315  -0.9447442116327968  -1.9447442116327966  0.05525578836720324
17.61999934647278  17.62499927680782  0.06364211031261596  0.0060406417869782025  0.07134119387653454  -1.2745472808063998  -2.2745472808063996  -0.2745472808063998
17.62499927680782  17.630000551320176  0.05478145783965429  0.005620458983915085  0.07114995634988086  -2.9123063716096467  -3.9123063716096467  -1.9123063716096467
17.630000551320176  17.63500017971976  0.07309664223282031  0.006486278130175391  0.07096650596648307  0.32840655667037244  -0.6715934433296276  1.3284065566703724
17.63500017971976  17.63999965271865  0.0701651728257008  0.006326580574812689  0.07079523077610751  -0.09958901857902565  -1.0995890185790256  0.9004109814209743
17.63999965271865  17.645000464417162  0.07030282531767965  0.006288075856824996  0.07063782958272605  -0.053276116998938014  -1.053276116998938  0.946723883001062
17.645000464417162  17.649999619429774  0.06298897293107993  0.005899457833335285  0.0704913256030129  -1.2717020587112966  -2.2717020587112966  -0.2717020587112966
17.649999619429774  17.65500010947705  0.06939937470957085  0.006134096058405467  0.07035194773776696  -0.15529150817434786  -1.1552915081743478  0.8447084918256521
17.65500010947705  17.660000435097178  0.07627761866694237  0.006378654915259827  0.07021853956736944  0.9498991840862286  -0.05010081591377136  1.9498991840862288
17.660000435097178  17.665000593602546  0.0797094798447769  0.00648666547523318  0.07009158511102809  1.4827178571904185  0.4827178571904185  2.4827178571904183
17.665000593602546  17.670000582302656  0.06518015425705469  0.005853350645745042  0.06997071036905625  -0.8184297169150381  -1.818429716915038  0.18157028308496193
17.670000582302656  17.675000398504142  0.06989147206203383  0.006060359220970604  0.06985436533072122  0.0061228600417304185  -0.9938771399582695  1.0061228600417305
17.675000398504142  17.680000039510762  0.06525200180217675  0.005859802745765807  0.06974115882484982  -0.7660935388852252  -1.7660935388852252  0.23390646111477476
17.680000039510762  17.684999502623402  0.06960564020377112  0.0060583933439840795  0.06963096131910865  -0.004179509962433561  -1.0041795099624335  0.9958204900375665
17.684999502623402  17.6900002895613  0.07084273319841433  0.006119880039199454  0.06952461046655124  0.215383753181461  -0.784616246818539  1.215383753181461
17.6900002895613  17.694999389627547  0.07053077294091849  0.006115793637531246  0.06942249696635681  0.18121539741963197  -0.818784602580368  1.181215397419632
17.694999389627547  17.699999809807935  0.07237517025508257  0.0062061196490974255  0.06932392107101319  0.4916516852060894  -0.5083483147939106  1.4916516852060893
17.699999809807935  17.70500004297126  0.06891307446593513  0.006067457887121779  0.06922784781941574  -0.051878951504338564  -1.0518789515043385  0.9481210484956615
17.70500004297126  17.71000008640467  0.06865756306980407  0.006068528553300192  0.0691339362865435  -0.07849896602700751  -1.0784989660270075  0.9215010339729925
17.71000008640467  17.714999937392435  0.07002880695181372  0.006141932671959206  0.06904251996242573  0.16058251401726692  -0.839417485982733  1.160582514017267
17.714999937392435  17.719999593215963  0.06817576058368967  0.006073579480640337  0.06895381329899754  -0.12810447575238346  -1.1281044757523835  0.8718955242476165
17.719999593215963  17.725000561533996  0.07446762902985651  0.006362198911366889  0.0688674167685069  0.8802321869164015  -0.11976781308359852  1.8802321869164014
17.725000561533996  17.729999819713882  0.06663098060749821  0.006032485538844435  0.06878268906870894  -0.3566868826050923  -1.3566868826050924  0.6433131173949077
17.729999819713882  17.735000386641623  0.06643117985474048  0.00603919816861277  0.06869942924696607  -0.3755878394609159  -1.3755878394609158  0.6244121605390841
17.735000386641623  17.74000074920754  0.07571932086503373  0.006469138161815409  0.06861799648830733  1.0977234059774021  0.09772340597740214  2.097723405977402
17.74000074920754  17.744999390888623  0.06868073050568967  0.006192732918375757  0.06853870152272576  0.022934782564650123  -0.9770652174353499  1.0229347825646502
17.744999390888623  17.749999335677828  0.07432090643435486  0.006493447744642128  0.06846110797269976  0.9024171275560243  -0.09758287244397568  1.9024171275560242
17.749999335677828  17.75500058339665  0.066074572688296  0.0061884507286181336  0.06838431586374821  -0.37323447769745444  -1.3732344776974545  0.6267655223025456
17.75500058339665  17.760000101163232  0.06351612202569865  0.006140335280491986  0.06830816755329504  -0.7804208253612563  -1.7804208253612563  0.21957917463874366
17.760000101163232  17.764999400877628  0.06318387103375052  0.006195688295104305  0.06823361612055967  -0.8150418236500613  -1.8150418236500614  0.18495817634993872
17.764999400877628  17.769999997852075  0.05958043286137642  0.006080902465188472  0.06816151417176219  -1.4111525977451802  -2.41115259774518  -0.4111525977451802
17.769999997852075  17.775000372986785  0.06708977616483328  0.006516335109761592  0.06809161315624659  -0.15374239883896437  -1.1537423988389643  0.8462576011610357
17.775000372986785  17.780000523529946  0.06896550030919506  0.006667146563418887  0.06802307868197348  0.14135306885143842  -0.8586469311485616  1.1413530688514384
17.780000523529946  17.78500044672689  0.06490248024156993  0.006522944694689161  0.06795534597613774  -0.4680195643929634  -1.4680195643929634  0.5319804356070366
17.78500044672689  17.790000139820073  0.06460339155382995  0.006559480586880687  0.06788826873997793  -0.500783124919665  -1.500783124919665  0.49921687508033497
17.790000139820073  17.794999600049085  0.07562275818597428  0.007145678986316498  0.06782175718187178  1.0917088521665879  0.09170885216658786  2.0917088521665876
17.794999600049085  17.800000347839653  0.06952769843880387  0.00688426797780048  0.06775562191458603  0.2574095793383118  -0.7425904206616882  1.2574095793383118
17.800000347839653  17.80499933490331  0.0601566469222337  0.0064127201086858765  0.06768985779633531  -1.174729404437604  -2.174729404437604  -0.17472940443760399
17.80499933490331  17.809999605705386  0.05786872967130831  0.006276745010490483  0.06762488323547394  -1.5543332647510666  -2.5543332647510666  -0.5543332647510666
17.809999605705386  17.81499963428561  0.08305928087503045  0.007489203144232836  0.0675611812096386  2.069392346143846  1.0693923461438462  3.069392346143846
17.81499963428561  17.81999941786984  0.06965030016634091  0.006829773839918597  0.06749878551958971  0.3150198962923263  -0.6849801037076737  1.3150198962923263
17.81999941786984  17.825000481151736  0.07387867288909081  0.007012253308826391  0.06743738124320765  0.9185765776281124  -0.0814234223718876  1.9185765776281123
17.825000481151736  17.829999767267058  0.0696170482668573  0.006793928248208759  0.06737674291134894  0.32975110623210113  -0.6702488937678989  1.3297511062321012
17.829999767267058  17.835000329231953  0.05956376422693976  0.006278572032346269  0.06731696860412123  -1.234867472609715  -2.2348674726097153  -0.23486747260971508
17.835000329231953  17.84000063679078  0.06419885890261642  0.0065184065192725885  0.06725850975983005  -0.46938632136049446  -1.4693863213604945  0.5306136786395055
17.84000063679078  17.84500068715568  0.06831366314693205  0.006731145239732524  0.06720186684775104  0.16517193725345755  -0.8348280627465424  1.1651719372534575
17.84500068715568  17.85000047753592  0.07262509744056049  0.00695622272953162  0.06714700144239757  0.7875101489931406  -0.21248985100685935  1.7875101489931406
17.85000047753592  17.85500000513793  0.0596975543341194  0.006327928103573105  0.06709325273555  -1.1687393219993405  -2.1687393219993405  -0.1687393219993405
17.85500000513793  17.859999267165257  0.0668842556501464  0.006722120617386175  0.0670398733166524  -0.02315008542148357  -1.0231500854214837  0.9768499145785164
17.859999267165257  17.864999795152222  0.06724408255247384  0.006758284581764841  0.06698648163019537  0.0381163177078302  -0.9618836822921698  1.0381163177078303
17.864999795152222  17.870000053680798  0.07007986322588257  0.006905174104621127  0.06693306519908229  0.4557159572116167  -0.5442840427883833  1.4557159572116167
17.870000053680798  17.875000039946542  0.06178170798059674  0.00647648276628411  0.06687980379188328  -0.787170443473839  -1.7871704434738391  0.21282955652616098
17.875000039946542  17.87999975114215  0.08787277176270342  0.00770695191532153  0.06682685992330464  2.7307698387944006  1.7307698387944006  3.7307698387944006
17.87999975114215  17.885000722228565  0.0619167330287783  0.006455265653912018  0.06677423541405617  -0.7524868294667502  -1.7524868294667502  0.24751317053324984
17.885000722228565  17.889999875710345  0.055704090446018845  0.0061143182662060395  0.06672181769204072  -1.8019551430479304  -2.8019551430479304  -0.8019551430479304
17.889999875710345  17.895000285174252  0.07510094822027741  0.007096372579142604  0.0666694818650877  1.188137497173016  0.1881374971730161  2.188137497173016
17.895000285174252  17.900000410031023  0.060382154556021125  0.0063648379475113315  0.06661715600059422  -0.9796009727177712  -1.9796009727177712  0.020399027282228754
17.900000410031023  17.905000247459643  0.07120825434702169  0.006916357073040237  0.06656483018366283  0.6713684840620506  -0.32863151593794937  1.6713684840620506
17.905000247459643  17.90999979463623  0.06727076036692188  0.006727076036692188  0.06651250616005744  0.11271675877136147  -0.8872832412286386  1.1127167587713616
17.90999979463623  17.91500059166834  0.07406090147298193  0.007061429888029206  0.06646019228100486  1.076369703091165  0.07636970309116498  2.076369703091165
17.91500059166834  17.919999550719023  0.05587844325418214  0.006133455973171208  0.06640795727342497  -1.716734262918122  -2.7167342629181217  -0.7167342629181219
17.919999550719023  17.92499975568623  0.07670779952301809  0.0071843436670911785  0.066355931969183  1.4408925899874707  0.4408925899874707  2.4408925899874707
17.92499975568623  17.92999966080096  0.06868829708832849  0.006801154859326032  0.06630425427464727  0.3505349992747364  -0.6494650007252636  1.3505349992747364
17.92999966080096  17.934999263225627  0.07175076427844833  0.006969050295698547  0.06625298174208237  0.7888854726388348  -0.2111145273611652  1.7888854726388348
17.934999263225627  17.94000010736326  0.06988476595109898  0.00691962292979806  0.06620190406648843  0.5322344760653061  -0.46776552393469395  1.5322344760653062
17.94000010736326  17.945000644852183  0.06422251638343951  0.006695660186481886  0.06615059112760438  -0.2879588704423092  -1.2879588704423093  0.7120411295576907
17.945000644852183  17.94999932387783  0.06775879391468044  0.00695190557198614  0.06609881559995506  0.2387803311676935  -0.7612196688323065  1.2387803311676935
17.94999932387783  17.954999238666694  0.06769180798834276  0.007019313501287857  0.06604677527942231  0.2343580620268115  -0.7656419379731885  1.2343580620268115
17.954999238666694  17.96000038895661  0.07182717134209737  0.007292944297459394  0.065994793925059  0.7997287760815843  -0.20027122391841568  1.7997287760815843
17.96000038895661  17.964999671366364  0.06603058553372858  0.007038884068585671  0.06594314659768875  0.012422272506242553  -0.9875777274937575  1.0124222725062426
17.964999671366364  17.970000185293518  0.05896618264744106  0.006676605440287308  0.06589221685637826  -1.0373586204667449  -2.037358620466745  -0.037358620466744874
17.970000185293518  17.97500037718354  0.0604918498617784  0.006763194418782388  0.06584251760929369  -0.7911450442198867  -1.7911450442198866  0.20885495578011326
17.97500037718354  17.980000244174306  0.07217581524134117  0.00736641329627829  0.06579428938968764  0.8663002732792165  -0.13369972672078345  1.8663002732792164
17.980000244174306  17.984999783400834  0.08425718083767118  0.007926248832516783  0.06574718037779924  2.3352787492535176  1.3352787492535176  3.3352787492535176
17.984999783400834  17.990000547875397  0.06358515489715182  0.006856563587130073  0.06570059351621943  -0.30852752872274797  -1.308527528722748  0.691472471277252
17.990000547875397  17.994999423831906  0.07552228277042711  0.007441431636750458  0.06565420993530405  1.3260987020815094  0.3260987020815094  2.3260987020815094
17.994999423831906  17.999999521022456  0.06689224814800826  0.006973998963771193  0.06560796422820463  0.18415315609814167  -0.8158468439018584  1.1841531560981418
17.999999521022456  18.004999280691127  0.07426452827100263  0.007317501403447877  0.06556180562747246  1.1893024905235543  0.1893024905235543  2.1893024905235543
18.004999280691127  18.010000259300654  0.0621900137943836  0.006667469333069403  0.06551566916870775  -0.49878825206282146  -1.4987882520628215  0.5012117479371785
18.010000259300654  18.0149993361525  0.07505148034687772  0.00728964418099064  0.06546953279713662  1.314460255101087  0.3144602551010871  2.3144602551010873
18.0149993361525  18.019999627911524  0.07913545900172161  0.007444437771203413  0.06542345962356379  1.8419120153302397  0.8419120153302397  2.84191201533024
18.019999627911524  18.024999572349664  0.07057413486946451  0.006987880623870472  0.06537752448971604  0.7436604400477246  -0.2563395599522754  1.7436604400477247
18.024999572349664  18.0300007293841  0.07174669279885923  0.007001760273622273  0.06533173668681602  0.9161919090846723  -0.0838080909153277  1.9161919090846724
18.0300007293841  18.034999971375882  0.06681959878860481  0.006715622358299648  0.06528609040341168  0.2283494073036891  -0.7716505926963109  1.2283494073036891
18.034999971375882  18.04000042191059  0.0787364805356694  0.007248280548378263  0.06524059749667376  1.8619426978464888  0.8619426978464888  2.861942697846489
18.04000042191059  18.045000515284045  0.06804535077663003  0.0067047076363173  0.06519522983452852  0.4250925016720041  -0.5749074983279959  1.4250925016720042
18.045000515284045  18.0500002485959  0.062239907440600005  0.006385679766983931  0.06514992697354675  -0.4557102202325437  -1.4557102202325436  0.5442897797674563
18.0500002485959  18.054999618942983  0.07938169085195142  0.007186880603397991  0.06510468206966222  1.9865376329667939  0.9865376329667939  2.986537632966794
18.054999618942983  18.060000191430873  0.07443070740380174  0.006940699253477304  0.06505953823565511  1.3501765205359757  0.3501765205359757  2.3501765205359755
18.060000191430873  18.065000396875593  0.07870232183063902  0.0071253734222152965  0.0650144977997236  1.9209974298666093  0.9209974298666093  2.9209974298666093
18.065000396875593  18.07000023236597  0.07539466862980169  0.006970239580547854  0.06496950325534487  1.495668155159369  0.4956681551593689  2.495668155159369
18.07000023236597  18.074999694988  0.07222651723224346  0.006824764380744193  0.06492452404085279  1.0699260493143128  0.06992604931431279  2.069926049314313
18.074999694988  18.080000353311288  0.06721346655633248  0.006590822645133756  0.06487958727073294  0.35411046712396804  -0.6458895328760319  1.354110467123968
18.080000353311288  18.085000634668127  0.07458474692943917  0.0069550635133089  0.06483473680961338  1.401857812106044  0.4018578121060441  2.4018578121060443
18.085000634668127  18.09000053613652  0.07496329212814815  0.00699036303510214  0.06479003870465681  1.4553254777192954  0.45532547771929544  2.4553254777192954
18.09000053613652  18.095000054791644  0.06958921649563742  0.006759102215473155  0.06474566632520438  0.7165966745324581  -0.2834033254675419  1.7165966745324581
18.095000054791644  18.100000762671005  0.061662452028919956  0.006394098413262209  0.06470185462893391  -0.4753449827593886  -1.4753449827593885  0.5246550172406115
18.100000762671005  18.104999507783777  0.06315081738761551  0.006513509477219586  0.06465873037160198  -0.23150545635348593  -1.231505456353486  0.768494543646514
18.104999507783777  18.10999943799767  0.07369324970971787  0.007091136259560654  0.06461613614652187  1.2800647499838607  0.28006474998386066  2.2800647499838607
18.10999943799767  18.115000552988505  0.06511494687890416  0.006716093965991447  0.06457369775403114  0.080589867803186  -0.919410132196814  1.080589867803186
18.115000552988505  18.1199996955353  0.07279715974523834  0.007138348809136566  0.06453117716460018  1.1579684324277222  0.15796843242772218  2.1579684324277224
18.1199996955353  18.125000018721526  0.06739297086124629  0.006878266285846182  0.06448870305319378  0.4222383500953997  -0.5777616499046003  1.4222383500953997
18.125000018721526  18.12999994202688  0.06431578570281413  0.0067053841852213365  0.06444652127515377  -0.01949710392847867  -1.0194971039284786  0.9805028960715213
18.12999994202688  18.134999462504894  0.049897699690864245  0.005880500302836667  0.06440467986623431  -2.466963596340963  -3.466963596340963  -1.466963596340963
18.134999462504894  18.140000159140207  0.07333618833851344  0.007089676923436603  0.06436308284197749  1.2656578844761213  0.26565788447612126  2.2656578844761213
18.140000159140207  18.145000448790956  0.0629467407523415  0.0065272729500897245  0.06432164006161628  -0.21063916275416064  -1.2106391627541606  0.7893608372458394
18.145000448790956  18.15000032850269  0.07208708093279495  0.006936582596940585  0.06428027857329119  1.125453672669738  0.12545367266973795  2.125453672669738
18.15000032850269  18.15499979531812  0.07161479122846007  0.00685945294492442  0.06423897795000551  1.0752771886732186  0.07527718867321864  2.0752771886732186
18.15499979531812  18.16000043170134  0.06518389104028838  0.006486039578768264  0.06419780096092684  0.1520326953584207  -0.8479673046415793  1.1520326953584208
18.16000043170134  18.165000651011322  0.060781912903137156  0.006203528008457289  0.06415684617221944  -0.5440345017353396  -1.5440345017353396  0.4559654982646604
18.165000651011322  18.17000045028281  0.0733570751333673  0.00675306614110382  0.06411621438638183  1.368394823018127  0.3683948230181271  2.368394823018127
18.17000045028281  18.17499982654771  0.060664443131598876  0.006097005938889885  0.06407590433402788  -0.5595305690402753  -1.5595305690402754  0.4404694309597247
18.17499982654771  18.18000036575335  0.07230877465006005  0.006628534504366167  0.06403573546972974  1.2480947598418513  0.24809475984185125  2.2480947598418513
18.18000036575335  18.185000477755754  0.06544664454903142  0.006297606307990173  0.06399547962105052  0.23043119194982062  -0.7695688080501794  1.2304311919498205
18.185000477755754  18.190000159578855  0.06004850450258512  0.006035101777486111  0.06395507255093916  -0.6473077327258097  -1.6473077327258097  0.35269226727419034
18.190000159578855  18.194999408243767  0.07481332162207921  0.0067456900375237275  0.06391459725619897  1.61565745020224  0.6156574502022401  2.61565745020224
18.194999408243767  18.199999813184817  0.07083320500872652  0.006576697979129957  0.06387410950258916  1.0581443040597083  0.058144304059708274  2.0581443040597085
18.199999813184817  18.204999780751304  0.0760913072104434  0.0068332011065719  0.06383362888953648  1.7938412948388092  0.7938412948388092  2.793841294838809
18.204999780751304  18.209999307956377  0.0604675113415399  0.00610814104443962  0.06379311469607109  -0.5444542505380676  -1.5444542505380676  0.4555457494619324
18.209999307956377  18.214999986852348  0.08059978238743273  0.007069068549729932  0.06375249670364071  2.3832398236448933  1.3832398236448933  3.3832398236448933
18.214999986852348  18.220000221156123  0.0578048585416242  0.005994084602838971  0.06371180049975653  -0.9854618927691869  -1.985461892769187  0.014538107230813058
18.220000221156123  18.22500000787287  0.0658368922905657  0.006394644270336443  0.06367119884451354  0.33867301361835195  -0.661326986381648  1.338673013618352
18.22500000787287  18.22999934400494  0.06992760244702326  0.006578235489794669  0.06363096414269229  0.957192595810753  -0.042807404189247  1.957192595810753
18.22999934400494  18.23499982509847  0.06956967170679991  0.00654456419811826  0.06359140010622333  0.9134713052850035  -0.08652869471499647  1.9134713052850034
18.23499982509847  18.239999851356817  0.06190650661526987  0.006159927639817425  0.06355266635332196  -0.26723686288316223  -1.2672368628831623  0.7327631371168377
18.239999851356817  18.244999419774377  0.07829520255341037  0.006920383582486346  0.06351461644825279  2.1358044577996114  1.1358044577996114  3.1358044577996114
18.244999419774377  18.250000128520348  0.07099480443496324  0.0065917021091820805  0.06347692491230271  1.140506563879504  0.140506563879504  2.140506563879504
18.250000128520348  18.25500037516062  0.07912758760845975  0.0069667956225228575  0.06343935429569751  2.251857835766556  1.2518578357665562  3.251857835766556
18.25500037516062  18.260000156681603  0.06213516867916505  0.006182680365574011  0.06340183905270355  -0.20487398646572275  -1.2048739864657227  0.7951260135342773
18.260000156681603  18.264999470066904  0.0586382650662192  0.006016159056177203  0.06336439248262772  -0.7855722184665122  -1.7855722184665122  0.21442778153348785
18.264999470066904  18.269999916986276  0.07373530477724984  0.0067593043067222  0.06332701988495561  1.5398455846917665  0.5398455846917665  2.5398455846917667
18.269999916986276  18.27499989148533  0.06536068263298474  0.0063785494949495725  0.06328971271986723  0.32467725064409475  -0.6753227493559053  1.3246772506440947
18.27499989148533  18.279999390539714  0.06697448303917015  0.006474667658893571  0.06325246934674641  0.5748578751082615  -0.4251421248917385  1.5748578751082616
18.279999390539714  18.28500001844727  0.07310278059843305  0.006787422782454425  0.06321530537122823  1.4567348379659015  0.45673483796590153  2.4567348379659015
18.28500001844727  18.290000166611108  0.07755827573667812  0.0070217963555915175  0.06317822579286929  2.047916119406948  1.0479161194069482  3.047916119406948
18.290000166611108  18.294999831998904  0.048858673589923456  0.0056044742287872625  0.06314116366824434  -2.5484085563208  -3.5484085563208  -1.5484085563207999
18.294999831998904  18.30000062153886  0.06315910179253612  0.006412835179833544  0.06310395860613648  0.008598877852507274  -0.9914011221474928  1.0085988778525072
18.30000062153886  18.30499931314606  0.06716419629340556  0.0066502463935918564  0.06306646007872097  0.6161781041125259  -0.38382189588747406  1.6161781041125258
18.30499931314606  18.310000736309984  0.05893666031768985  0.00624727349914062  0.06302871397304623  -0.655014328397706  -1.655014328397706  0.344985671602294
18.310000736309984  18.3150000554578  0.07136709075284044  0.006867301509572146  0.0629909670410793  1.2197110757531007  0.21971107575310067  2.219711075753101
18.3150000554578  18.320000491871145  0.06678229505934685  0.006612432536735559  0.06295342590433402  0.5790409404922401  -0.4209590595077599  1.57904094049224
18.320000491871145  18.325000430778438  0.06324314185180682  0.006388522066707907  0.06291612582162406  0.05118805676306762  -0.9488119432369324  1.0511880567630676
18.325000430778438  18.329999869128656  0.06718792911059433  0.006525868566618236  0.06287907190902806  0.6602733655420774  -0.3397266344579226  1.6602733655420774
18.329999869128656  18.335000419995467  0.058441730991159124  0.006027804301242249  0.06284234316880043  -0.7300522640946386  -1.7300522640946387  0.26994773590536136
18.335000419995467  18.340000465957587  0.07393204257091722  0.006721094779174292  0.06280597618509495  1.6553949544495403  0.6553949544495403  2.65539495444954
18.340000465957587  18.345000003956045  0.06758986970292244  0.006386642370756855  0.06276983616151911  0.7547054088190845  -0.24529459118091546  1.7547054088190845
18.345000003956045  18.35000064970201  0.061148006312837296  0.006054554820857802  0.06273369694810806  -0.26190045051835786  -1.261900450518358  0.7380995494816421
18.35000064970201  18.35500078312228  0.05621839047003634  0.005798484236126836  0.06269743209298925  -1.1173681533159883  -2.1173681533159883  -0.11736815331598827
18.35500078312228  18.360000401149925  0.06816998774193209  0.00638470432947916  0.06266106494552008  0.8628313093492  -0.13716869065079995  1.8628313093492
18.360000401149925  18.36499950071522  0.06822918567152876  0.0063902487235726856  0.06262465731503249  0.8770438521151759  -0.12295614788482412  1.8770438521151758
18.36499950071522  18.369999701049018  0.06053119284595509  0.0060230788049498146  0.06258824570838833  -0.34152846559848093  -1.341528465598481  0.6584715344015191
18.369999701049018  18.37499937853872  0.06242992852068512  0.0061217581492149275  0.06255185233112377  -0.019916469659010852  -1.0199164696590108  0.9800835303409892
18.37499937853872  18.380000154176845  0.06193800096560503  0.006102932578237891  0.06251549081322706  -0.09462497581593343  -1.0946249758159334  0.9053750241840666
18.380000154176845  18.38500040258  0.060244516668794997  0.0060244516668795  0.062479167026049214  -0.37093008307122943  -1.3709300830712294  0.6290699169287706
18.38500040258  18.390000120665377  0.060357565062772754  0.006035756506277275  0.062442882594613384  -0.3454939790350835  -1.3454939790350835  0.6545060209649165
18.390000120665377  18.39499930534737  0.05563272262771635  0.005800112280559018  0.062406641388611114  -1.1678944188028535  -2.1678944188028533  -0.1678944188028535
18.39499930534737  18.399999581144012  0.06421705629766777  0.006237311890412522  0.062370445204774735  0.2960588031089963  -0.7039411968910037  1.2960588031089963
18.399999581144012  18.404999319126684  0.06979866079808618  0.006508758680295006  0.06233428854972668  1.146819634127406  0.14681963412740595  2.146819634127406
18.404999319126684  18.410000145577996  0.07479423343833316  0.006743968913957251  0.06229818320947265  1.8529222759314345  0.8529222759314345  2.8529222759314345
18.410000145577996  18.415000429795615  0.06579575341095194  0.006331199323891223  0.062262119063884645  0.5581303267033274  -0.4418696732966726  1.5581303267033273
18.415000429795615  18.42000016868086  0.065914365322152  0.006342612760367966  0.06222609604269059  0.5815063001335492  -0.4184936998664508  1.5815063001335492
18.42000016868086  18.424999359132254  0.053188261407360826  0.005702380176106088  0.0621901186495152  -1.5786140110183535  -2.5786140110183533  -0.5786140110183535
18.424999359132254  18.429999630963724  0.056949907250927065  0.005905430283858935  0.06215419347783445  -0.8812713006081945  -1.8812713006081945  0.11872869939180553
18.429999630963724  18.434999349921917  0.057043529399722605  0.00591513844844472  0.06211831338290794  -0.8579315644792146  -1.8579315644792147  0.1420684355207854
18.434999349921917  18.440000147588208  0.0681985240776331  0.006473117442680478  0.062082479417761634  0.9448375862216476  -0.055162413778352404  1.9448375862216476
18.440000147588208  18.44500038793265  0.06893133127986359  0.0065133985752545255  0.062046692915214946  1.056996326127578  0.0569963261275781  2.056996326127578
18.44500038793265  18.450000067840712  0.06658711945202445  0.006407348556698013  0.06201096002525431  0.7142048518628469  -0.2857951481371531  1.714204851862847
18.450000067840712  18.45499918419506  0.06547797229558305  0.006359782878652045  0.061975296219782684  0.5507540340029289  -0.4492459659970711  1.5507540340029289
18.45499918419506  18.45999937211412  0.056965682600294415  0.005939082964380844  0.06193973804133375  -0.8375123686385287  -1.8375123686385288  0.16248763136147126
18.45999937211412  18.46500063113752  0.0671428016395641  0.006460819100124663  0.061904356596191944  0.8108019992807227  -0.18919800071927728  1.8108019992807227
18.46500063113752  18.469999680775018  0.05827729318215288  0.006043073792953529  0.06186920545289101  -0.5943849758919797  -1.5943849758919797  0.4056150241080203
18.469999680775018  18.474999797039445  0.07561738809353599  0.006931834601454342  0.06183417795027622  1.9883928188892406  0.9883928188892406  2.9883928188892406
18.474999797039445  18.479999337674094  0.0583267691912308  0.006148181306774215  0.06179901412737948  -0.5647596846766501  -1.56475968467665  0.43524031532334995
18.479999337674094  18.484999942224704  0.05964146322198429  0.006286762225554497  0.06176356008280377  -0.3375500431992741  -1.3375500431992742  0.6624499568007258
18.484999942224704  18.489999966653702  0.06973490963525049  0.006871184817375357  0.06172789541100864  1.1653032827750882  0.1653032827750882  2.1653032827750884
18.489999966653702  18.494999407822792  0.0655324282556748  0.006723485274989582  0.061692122265247167  0.5711778688224448  -0.4288221311775552  1.5711778688224447
18.494999407822792  18.499999907936836  0.06299090473544973  0.006639824361290242  0.06165621155179961  0.2010133267125714  -0.7989866732874286  1.2010133267125713
18.499999907936836  18.504999820284713  0.06279191163897301  0.006655929321885807  0.0616201620297031  0.17604598135034266  -0.8239540186496573  1.1760459813503426
18.504999820284713  18.51000078884555  0.051499619131107524  0.006027574503268617  0.061584166326668716  -1.6730688588075628  -2.6730688588075626  -0.6730688588075628
18.51000078884555  18.514999517109448  0.0693785906115386  0.006972810713398403  0.06154849550795072  1.1229467463589946  0.12294674635899461  2.122946746358995
18.514999517109448  18.51999929706563  0.0645751609946581  0.006696132263090076  0.061513234654518856  0.45726790030969927  -0.5427320996903007  1.4572679003096993
18.51999929706563  18.525000128230513  0.07024036974783969  0.00695483295235966  0.06147823807061842  1.259862276670272  0.25986227667027206  2.259862276670272
18.525000128230513  18.53000035943253  0.06570527727517532  0.0067060167805111075  0.0614433348027715  0.6355400846579738  -0.36445991534202615  1.6355400846579737
18.53000035943253  18.53499998751243  0.07564330106049205  0.007179744402667951  0.061408448404204403  1.982640586898617  0.982640586898617  2.9826405868986168
18.53499998751243  18.540000661776965  0.05978137364265388  0.006372715842668108  0.061373578001881174  -0.24984706654685412  -1.2498470665468542  0.7501529334531458
18.540000661776965  18.545000728375143  0.06303477966998726  0.006536402160575224  0.06133873458139091  0.2594768569819907  -0.7405231430180093  1.2594768569819907
18.545000728375143  18.55000018413981  0.07241092978033424  0.007000228802437241  0.061303918991001086  1.5866639652501173  0.5866639652501173  2.5866639652501173
18.55000018413981  18.555000681044813  0.059493887741217784  0.006342069742603951  0.061269134077696095  -0.2799159278480949  -1.279915927848095  0.7200840721519051
18.555000681044813  18.560000562557647  0.06554470577654163  0.00665505656550229  0.06123438961827568  0.6476753602079456  -0.3523246397920544  1.6476753602079457
18.560000562557647  18.564999825503268  0.051351822134915355  0.005890457980336083  0.06119968304683629  -1.6718328090609784  -2.6718328090609784  -0.6718328090609784
18.564999825503268  18.570000124524668  0.07096711795831812  0.006925681559246981  0.06116500560396417  1.4153281912401  0.4153281912400999  2.4153281912401
18.570000124524668  18.574999800405784  0.06491366506280143  0.006625223197408117  0.061130357218989885  0.5710460962721405  -0.42895390372785946  1.5710460962721404
18.574999800405784  18.580000509570514  0.06427074287763723  0.00659403908648869  0.061095749442997414  0.48149448206114437  -0.5185055179388556  1.4814944820611444
18.580000509570514  18.585000591012744  0.0663427898597248  0.006701633798949361  0.06106118919287795  0.7881064267753426  -0.2118935732246574  1.7881064267753426
18.585000591012744  18.590000041544403  0.06504465204849853  0.006638592000654082  0.06102667459988951  0.6052454267731979  -0.3947545732268021  1.605245426773198
18.590000041544403  18.59500052026225  0.07257728640715852  0.007016311104571799  0.06099219830207539  1.6511651111841843  0.6511651111841843  2.6511651111841843
18.59500052026225  18.600000363472894  0.0719886776127084  0.006992158481501857  0.06095775331650664  1.5776135974870549  0.5776135974870549  2.577613597487055
18.600000363472894  18.604999567980382  0.05983765851945911  0.006378715830695539  0.06092333790513113  -0.17020344133336862  -1.1702034413333686  0.8297965586666314
18.604999567980382  18.609999795556377  0.06330535701377812  0.006564459724095184  0.060888957377923464  0.36810335311909015  -0.6318966468809099  1.36810335311909
18.609999795556377  18.614999379818176  0.06813181470553002  0.0068131814705530026  0.06085462384182788  1.0681046578833417  0.06810465788334175  2.0681046578833415
18.614999379818176  18.619999984322153  0.0490970087591513  0.005786137971595201  0.06082034348148403  -2.026107012982389  -3.026107012982389  -1.026107012982389
18.619999984322153  18.624999940891744  0.04709630994224707  0.005669729449589207  0.06078611428746588  -2.4145427867304474  -3.4145427867304474  -1.4145427867304474
18.624999940891744  18.62999924631799  0.05056653657624112  0.005878240476441001  0.06075193232997004  -1.7327286616718518  -2.732728661671852  -0.7327286616718518
18.62999924631799  18.63499956683583  0.05884640501490545  0.006345571045809981  0.06071779437659872  -0.29491267975463925  -1.2949126797546393  0.7050873202453607
18.63499956683583  18.63999923157573  0.051400809379108896  0.005935254226318631  0.06068369567469907  -1.5640250512652305  -2.5640250512652303  -0.5640250512652305
18.63999923157573  18.64499990855978  0.0556095943071012  0.006178843811900133  0.06064962951614979  -0.8156922819997084  -1.8156922819997083  0.18430771800029155
18.64499990855978  18.649999925122124  0.05364607856294589  0.006074222272874036  0.06061559731634327  -1.1473927756186204  -2.1473927756186204  -0.1473927756186204
18.649999925122124  18.65499927804082  0.06338999832288163  0.006608864178687306  0.06058161149069081  0.42494243432138934  -0.5750575656786107  1.4249424343213892
18.65499927804082  18.659999638020167  0.05729950789398984  0.006289438081757215  0.060547671350781256  -0.516447322410703  -1.516447322410703  0.483552677589297
18.659999638020167  18.664999329697704  0.06157334957081343  0.006526762000995275  0.06051377325359993  0.16234333610631538  -0.8376566638936846  1.1623433361063154
18.664999329697704  18.670000025567305  0.05824927859113612  0.006355517340963141  0.06047990679769729  -0.350975079901698  -1.350975079901698  0.649024920098302
18.670000025567305  18.67500004846778  0.06464041942634149  0.006702899247223032  0.06044606424509709  0.6257523836393787  -0.3742476163606213  1.6257523836393788
18.67500004846778  18.679999395164195  0.07034972204344958  0.007000058975416781  0.060412248034212586  1.419627183733165  0.4196271837331651  2.419627183733165
18.679999395164195  18.68499974083625  0.06001023084091183  0.006471069612154031  0.06037847302772634  -0.056905922650387394  -1.0569059226503874  0.9430940773496126
18.68499974083625  18.689999405622533  0.060105872297404134  0.0064813828956408115  0.06034474948656625  -0.03685589834891249  -1.0368558983489125  0.9631441016510875
18.689999405622533  18.6950000664947  0.06929750732139339  0.006964661536120248  0.060311077758665683  1.2902894873099204  0.29028948730992044  2.2902894873099204
18.6950000664947  18.70000004179023  0.06730233626288008  0.006869015930886211  0.060277447554315786  1.022692155506178  0.02269215550617809  2.022692155506178
18.70000004179023  18.704999328261213  0.056174535584098795  0.006280504008526288  0.06024386357305302  -0.6479301634756996  -1.6479301634756998  0.35206983652430035
18.704999328261213  18.709999605568715  0.060483911595031525  0.0065221479214838535  0.06021032089638326  0.04194794444128873  -0.9580520555587113  1.0419479444412887
18.709999605568715  18.714999189346415  0.05776295073897902  0.006378850800691638  0.060176821952356165  -0.37841788259343156  -1.3784178825934315  0.6215821174065684
18.714999189346415  18.719999761049703  0.06985316055454864  0.007020506787269455  0.06014336965057572  1.3830612515865732  0.3830612515865732  2.3830612515865734
18.719999761049703  18.72499963450877  0.05725393734261826  0.006361548593624251  0.06010996465100603  -0.44895158252035905  -1.4489515825203592  0.551048417479641
18.72499963450877  18.73000049297441  0.06303178631462555  0.006681355986651698  0.06007660388920517  0.4423027947207692  -0.5576972052792308  1.4423027947207692
18.73000049297441  18.73500064847224  0.06387562395907388  0.006733081955836514  0.06004328023655134  0.5691812081985004  -0.4308187918014996  1.5691812081985004
18.73500064847224  18.740000097736296  0.055481896866317874  0.006282087763251075  0.0600099915184874  -0.7207945547430823  -1.7207945547430823  0.2792054452569177
18.740000097736296  18.745000526711927  0.05703351836257419  0.0063765412027349195  0.05997674275330486  -0.4615706692945566  -1.4615706692945567  0.5384293307054434
18.745000526711927  18.750000244715817  0.06574031972469484  0.0068539021236597485  0.059943535655471156  0.845764057413822  -0.154235942586178  1.845764057413822
18.750000244715817  18.75499924847416  0.066612433749282  0.006907387606643615  0.05991037078410119  0.9702746315748489  -0.029725368425151055  1.970274631574849
18.75499924847416  18.759999226628793  0.05098095440845187  0.006050326160916775  0.05987725528507036  -1.4703836851120233  -2.470383685112023  -0.47038368511202333
18.759999226628793  18.765000178606062  0.07560103947924611  0.007377905994278121  0.059844191964903114  2.135680168134848  1.135680168134848  3.135680168134848
18.765000178606062  18.770000410108064  0.05633481772460608  0.006378662033229339  0.059811175337778556  -0.5449979313941633  -1.5449979313941633  0.4550020686058367
18.770000410108064  18.774999917850785  0.07101912732330132  0.007174015217751026  0.05977820572458551  1.5668940276153631  0.5668940276153631  2.566894027615363
18.774999917850785  18.78000039407549  0.06544834347377311  0.006898861148737989  0.05974531723470541  0.8266619832044255  -0.17333801679557448  1.8266619832044255
18.78000039407549  18.785000141770247  0.061296071029511595  0.006687949649907778  0.05971258078622211  0.2367676681464428  -0.7632323318535572  1.2367676681464428
18.785000141770247  18.789999157643226  0.06004414881326146  0.006630766985313649  0.059680064174366096  0.05490837480818765  -0.9450916251918123  1.0549083748081876
18.789999157643226  18.795000834874905  0.06026191802162017  0.0066548155713248135  0.05964777753524935  0.0922851249277462  -0.9077148750722538  1.092285124927746
18.795000834874905  18.80000007816565  0.05976341790954333  0.0066403797677270365  0.059615677351805556  0.022248811499578223  -0.9777511885004218  1.0222488114995782
18.80000007816565  18.80500028159521  0.07189135008878926  0.007299460661893065  0.05958370118571657  1.686103874403344  0.6861038744033441  2.686103874403344
18.80500028159521  18.809999743623877  0.061832592774367125  0.006787008789122282  0.059551797077988265  0.3360531520210132  -0.6639468479789867  1.3360531520210133
18.809999743623877  18.815000162800608  0.06069414391433774  0.006743793768259749  0.059519947061590535  0.17411517805803417  -0.8258848219419659  1.1741151780580341
18.815000162800608  18.819999835773103  0.05884274429901128  0.006662628799581332  0.05948816943651104  -0.09687244433313101  -1.096872444333131  0.903127555666869
18.819999835773103  18.825000462894796  0.06923034684560347  0.00725731228392452  0.05945647181967716  1.3467623609881247  0.34676236098812474  2.3467623609881247
18.825000462894796  18.830000338999746  0.05536126603261267  0.006524387771122148  0.059424796831218436  -0.6228217790168017  -1.6228217790168018  0.3771782209831983
18.830000338999746  18.834999460773012  0.05604125297220669  0.006604525000473018  0.05939302988796964  -0.5074970441512288  -1.5074970441512288  0.49250295584877124
18.834999460773012  18.839999531276145  0.06376575104515374  0.007085083449461527  0.05936105422162791  0.6216859483653079  -0.3783140516346921  1.6216859483653079
18.839999531276145  18.84500054990595  0.05152440340801655  0.00639081570158064  0.05932885570925196  -1.2211981483529781  -2.221198148352978  -0.22119814835297813
18.84500054990595  18.85000080786643  0.07607713406328481  0.007764589981181535  0.05929658350626502  2.161163770101134  1.1611637701011341  3.161163770101134
18.85000080786643  18.85500030183245  0.05740196721168188  0.006718392093769918  0.05926442748752695  -0.277218157239165  -1.277218157239165  0.722781842760835
18.85500030183245  18.860000738480405  0.06359036691488379  0.007022381262070048  0.059232472498529025  0.6205721754090791  -0.37942782459092095  1.620572175409079
18.860000738480405  18.86500040628873  0.06321334600216927  0.00693856614540036  0.05920075525336818  0.578302586545358  -0.42169741345464196  1.578302586545358
18.86500040628873  18.86999930192451  0.053023617259837494  0.006292745641506617  0.05916935593549623  -0.9766386607336808  -1.9766386607336808  0.023361339266319225
18.86999930192451  18.87500084750255  0.06678455451767668  0.007000923582810875  0.05913830033365191  1.0921779238954066  0.09217792389540658  2.092177923895407
18.87500084750255  18.87999990423052  0.06236232837152082  0.006724702811724558  0.05910745365518346  0.48401762984417307  -0.5159823701558269  1.484017629844173
18.87999990423052  18.884999895126306  0.0663286571705822  0.006915240542558269  0.059076602321641906  1.0487060868395222  0.048706086839522156  2.0487060868395224
18.884999895126306  18.890000819570115  0.069843705277028  0.007091553831175309  0.0590456182269555  1.5226686995736873  0.5226686995736873  2.5226686995736873
18.890000819570115  18.89499924422681  0.059812058936414  0.0065652263876152285  0.05901451499297851  0.12148003684076937  -0.8785199631592306  1.1214800368407694
18.89499924422681  18.900000314818996  0.06206139343843802  0.006692252163336449  0.05898335961744235  0.45993990451506006  -0.5400600954849399  1.45993990451506
18.900000314818996  18.905000597099104  0.06793494518385802  0.007006954582605766  0.05895220284871309  1.2819752474839654  0.2819752474839654  2.2819752474839654
18.905000597099104  18.91000008771387  0.050665406036509854  0.0060556742798380065  0.05892107472831445  -1.363294706799428  -2.363294706799428  -0.3632947067994281
18.91000008771387  18.91500050329958  0.07031736603814819  0.007139646794913075  0.058889976157208  1.6005539502433204  0.6005539502433204  2.60055395024332
18.91500050329958  18.92000012232382  0.07478826674210713  0.007369106888415904  0.0588589078234221  2.161640366992868  1.1616403669928679  3.161640366992868
18.92000012232382  18.92500066323696  0.06763795385368537  0.007013729087667735  0.058827870534254076  1.2561197059809603  0.25611970598096034  2.2561197059809603
18.92500066323696  18.930000402683344  0.054634747284980294  0.00630867721041811  0.058796866559253126  -0.6597451629637243  -1.6597451629637243  0.3402548370362757
18.930000402683344  18.934999337296876  0.060557696422157636  0.006647070734458452  0.05876589828012714  0.26956206930998977  -0.7304379306900102  1.2695620693099898
18.934999337296876  18.939999188250404  0.056998541137221026  0.006453813910942136  0.05873496800458349  -0.26905437487412404  -1.269054374874124  0.7309456251258759
18.939999188250404  18.94499995490389  0.04098779307964966  0.005477224240858321  0.05870407695851592  -3.2345368931051808  -4.234536893105181  -2.2345368931051808
18.94499995490389  18.949999910252508  0.05865460735848416  0.006557784462356498  0.05867322425925146  -0.002838900984648387  -1.0028389009846483  0.9971610990153517
18.949999910252508  18.9550007781946  0.044073346891513904  0.005689844617415192  0.058642408440660404  -2.5605376822689045  -3.5605376822689045  -1.5605376822689045
18.9550007781946  18.96000082989909  0.041218218698627726  0.005508016159406579  0.05861162646934238  -3.1578352835821333  -4.157835283582133  -2.1578352835821333
18.96000082989909  18.965000061984657  0.04572957809595968  0.005807662225852009  0.05858087344484983  -2.212817283292472  -3.212817283292472  -1.212817283292472
18.965000061984657  18.970000201076616  0.03251849828345847  0.004902348070547632  0.05855014758557834  -5.310036930774669  -6.310036930774669  -4.310036930774669
18.970000201076616  18.9749995156026  0.04664564882328107  0.00587679935855497  0.058519453112595606  -2.0204542583250884  -3.0204542583250884  -1.0204542583250884
18.9749995156026  18.979999734007198  0.060812746258988935  0.006715644374182564  0.058488790253201  0.34605108256209705  -0.653948917437903  1.346051082562097
18.979999734007198  18.985000855636063  0.049021167310901406  0.0060340885738461815  0.05845817664158257  -1.563949420892562  -2.5639494208925617  -0.5639494208925619
18.985000855636063  18.989999412514752  0.061740137858134155  0.006776860543659561  0.05842760648133249  0.48880028671991393  -0.5111997132800861  1.488800286719914
18.989999412514752  18.995000602224614  0.05438587993651073  0.006365385779040235  0.058397080742261354  -0.6301583195410715  -1.6301583195410716  0.3698416804589285
18.995000602224614  18.99999922038857  0.06343297790636609  0.00688027246901435  0.058366604866752256  0.7363622679814658  -0.26363773201853424  1.7363622679814656
18.99999922038857  19.005000470061844  0.056079180244383714  0.006475465962005697  0.058336188497846234  -0.34854762061994315  -1.3485476206199432  0.6514523793800568
