15.0 0.8266666666666667 0.9910280369958627 0.9625721261848557 0.8377421774612792
15.006006006006006 0.8263358014808886 0.9915587736870867 0.9631029321706813 0.8382619770952
15.012012012012011 0.8260052010402081 0.9920881897673518 0.9636324531907556 0.8387806541278675
15.018018018018019 0.8256748650269945 0.9926162883904507 0.9641606922518946 0.8392982109499165
15.024024024024024 0.8253447931241255 0.993143072681179 0.964687652334393 0.8398146499358297
15.03003003003003 0.8250149850149849 0.9936728439195042 0.9652175320329379 0.8403337103022536
15.036036036036036 0.8246854403834631 0.9942124458751429 0.9657570120923653 0.8408613432327805
15.042042042042041 0.8243561589139549 0.9947507105858988 0.9662951910888518 0.8413878397222946
15.048048048048049 0.8240271402913589 0.995287641345927 0.9668320721693482 0.8419132022994105
15.054054054054054 0.8236983842010771 0.9958232414045327 0.9673676584411427 0.8424374334763362
15.06006006006006 0.8233698903290129 0.9963575139874338 0.9679019529853444 0.8429605357280472
15.066066066066066 0.8230416583615706 0.9968904623091358 0.9684349588702161 0.8434825115090335
15.072072072072071 0.8227136879856545 0.9974220895673928 0.9689666791489222 0.8440033632652482
15.078078078078079 0.8223859788886676 0.9979523989477216 0.969497116862654 0.8445230934314489
15.084084084084084 0.8220585307585109 0.9984813936282203 0.9700262750449681 0.8450417044335679
15.09009009009009 0.8217313432835821 0.9990090767744962 0.9705541567181084 0.8455591986912869
15.096096096096096 0.821404416152775 0.9995354515413166 0.9710807648940356 0.8460755786164725
15.102102102102101 0.8210777490554783 1.0000605210760438 0.9716061025772545 0.8465908466133341
15.108108108108109 0.8207513416815742 1.00058428851529 0.9721301727624748 0.8471050050803665
15.114114114114114 0.8204251937214384 1.0011067569847807 0.9726529784342628 0.8476180564090812
15.12012012012012 0.8200993048659384 1.0016277570452323 0.9731743540766654 0.8481298529699254
15.126126126126126 0.8197736748064324 1.0021390167361348 0.973686222340523 0.848633202391498
15.132132132132131 0.8194483032347688 1.0026490018977914 0.9741968494448182 0.8491354634638276
15.138138138138139 0.819123189843285 1.003157715607354 0.9747062383291993 0.8496366385488978
15.144144144144144 0.8187983343248066 1.0036651609320453 0.9752143919240158 0.8501367300021672
15.15015015015015 0.8184737363726462 1.0041713409296147 0.9757213131509188 0.8506357401738173
15.156156156156156 0.8181493956806024 1.0046762586484232 0.9762270049224939 0.8511336714063926
15.162162162162161 0.817825311942959 1.005179917129299 0.9767314701442444 0.8516305260373108
15.168168168168169 0.8175014848544843 1.0056823194020208 0.9772347117114046 0.8521263063971553
15.174174174174174 0.8171779141104294 1.0061834684882507 0.9777367325114794 0.8526210148103903
15.18018018018018 0.8168545994065282 1.0066833674009357 0.978237535423661 0.8531146535947607
15.186186186186186 0.8165315404389955 1.007182019143543 0.9787371233184108 0.853607225062319
15.192192192192191 0.8162087369045266 1.0076794267102656 0.9792354990574034 0.8540987315182411
15.198198198198199 0.8158861885002963 1.0081755930877216 0.9797326654950642 0.8545891752616431
15.204204204204204 0.8155638949239581 1.008670521252836 0.9802286254768202 0.8550785585854258
15.21021021021021 0.8152418558736426 1.009164214173193 0.9807233818392894 0.855566883775754
15.216216216216216 0.8149200710479573 1.0096517603143413 0.9812121372812809 0.8560498739074576
15.222222222222221 0.8145985401459853 1.0101344647900004 0.9816961662497744 0.8565286639615465
15.228228228228229 0.8142772628672845 1.0106159597211002 0.9821790162208351 0.8570064159493314
15.234234234234235 0.8139562389118865 1.0110962480156118 0.9826606899755718 0.8574831321174046
15.24024024024024 0.8136354679802956 1.0115753325731418 0.9831411902872507 0.8579588147066423
15.246246246246246 0.8133149497734883 1.0120532162838998 0.9836205199203534 0.8584334659517459
15.252252252252251 0.8129946839929121 1.0125299020299061 0.9840986816315501 0.8589070880812502
15.258258258258259 0.8126746703404841 1.013005392685044 0.9845756781698393 0.8593796833181012
15.264264264264265 0.8123549085185914 1.0134796911139603 0.9850515122755981 0.8598512538794609
15.27027027027027 0.8120353982300884 1.0139528001732188 0.985526186681524 0.860321801976804
15.276276276276276 0.8117161391782977 1.0144247227108014 0.9859997041121855 0.8607913298157073
15.282282282282281 0.8113971310670073 1.014895461566487 0.9864720672844873 0.8612598395968109
15.288288288288289 0.8110783736004713 1.0153650195712804 0.9869432789070742 0.8617273335151305
15.294294294294295 0.8107598664834085 1.0158333995481368 0.9874133416808896 0.8621938137599922
15.3003003003003 0.8104416094210009 1.016300604311699 0.9878822582991543 0.8626592825160166
15.306306306306306 0.8101236021188934 1.0167666366680357 0.9883500314469649 0.8631237419622252
15.312312312312311 0.8098058442831927 1.0172426726737003 0.9888275788894005 0.8635969462192146
15.318318318318319 0.8094883356204665 1.0177182392497273 0.9893046698350207 0.8640697558690361
15.324324324324325 0.8091710758377425 1.0181926183177208 0.9897806027512803 0.8645415439572645
15.33033033033033 0.8088540646425073 1.0186658127130055 0.9902553803509307 0.8650123126865361
15.336336336336336 0.8085373017427061 1.0191378252630314 0.9907290053394203 0.8654820642549305
15.342342342342342 0.808220786846741 1.019608658786497 0.9912014804139556 0.8659508008548135
15.348348348348349 0.8079045196634709 1.0200783160940918 0.9916728082641184 0.8664185246728288
15.354354354354355 0.8075884999022099 1.020546799988145 0.9921429915716593 0.8668852378901193
15.36036036036036 0.8072727272727273 1.0210141132627037 0.9926120330104957 0.8673509426820075
15.366366366366366 0.8069572014852452 1.0214802587037777 0.9930799352470094 0.8678156412183363
15.372372372372372 0.8066419222504395 1.021945239089169 0.9935467009397807 0.8682793356627267
15.378378378378379 0.8063268892794376 1.0224090571883233 0.994012332739555 0.868742028172912
15.384384384384385 0.8060121022838181 1.0228717157629026 0.994476833289736 0.8692037209008289
15.39039039039039 0.8056975609756097 1.0233332175661094 0.9949402052257342 0.8696644159919411
15.396396396396396 0.8053832650672909 1.0237935653433061 0.9954024511755579 0.8701241155856644
15.402402402402402 0.8050692142717879 1.0242464409507985 0.9958573971782827 0.8705772995115271
15.408408408408409 0.804755408302475 1.0246472440434837 0.9962614600508788 0.8709849973030356
15.414414414414415 0.8044418468731735 1.025047021110342 0.996664520118297 0.8713918023077075
15.42042042042042 0.80412852969815 1.0254457745712566 0.9970665797012418 0.8717977164290416
15.426426426426426 0.803815456492116 1.0258435068387535 0.9974676411134487 0.8722027415645349
15.432432432432432 0.8035026269702277 1.0262402203187009 0.9978677066623458 0.8726068796062015
15.438438438438439 0.8031900408480839 1.0266359174094946 0.9982667786483037 0.873010132440127
15.444444444444445 0.8028776978417266 1.0270306005030048 0.9986648593655421 0.8734125019472376
15.45045045045045 0.8025655976676385 1.027424271984254 0.9990619511017866 0.8738139900029105
15.456456456456456 0.8022537400427433 1.0278169342312615 0.9994580561381406 0.8742145984770296
15.462462462462462 0.8019421246844047 1.0282085896145836 0.9998531767486556 0.8746143292337635
15.468468468468469 0.8016307513104252 1.0285992404988227 1.0002473152017635 0.8750131841327345
15.474474474474475 0.8013196196390452 1.0289888892413726 1.0006404737590655 0.8754111650280828
15.48048048048048 0.8010087293889427 1.0293775381927253 1.0010326546756456 0.875808273768895
15.486486486486486 0.8006980802792322 1.029765189696757 1.001423860200329 0.876204512199407
15.492492492492492 0.8003876720294631 1.0301518460906158 1.0018140925755836 0.876599882159034
15.498498498498499 0.8000775043596201 1.0305259432760712 1.002192049955959 0.8769842644224173
15.504504504504505 0.799767576990122 1.0307713952845905 1.0024442774169284 0.8772560698646517
15.51051051051051 0.7994578896418199 1.03101610509881 1.0026957751946988 0.8775272103567855
15.516516516516516 0.7991484420359977 1.0312600744139035 1.0029465449226596 0.8777976872636308
15.522522522522522 0.7988392338943703 1.0315033049208793 1.0031965882302425 0.8780675019471356
15.528528528528529 0.7985302649390834 1.0317457983062552 1.0034459067426265 0.878336655766215
15.534534534534535 0.7982215348927122 1.0319875562515186 1.0036945020802 0.8786051500762151
15.54054054054054 0.7979130434782609 1.032228580434126 1.0039423758595316 0.8788729862297249
15.546546546546546 0.7976047904191618 1.0324688725267133 1.0041895296926158 0.8791401655759439
15.552552552552552 0.797296775439274 1.0327084341974921 1.0044359651872434 0.8794066894608864
15.558558558558559 0.7969889982628836 1.0329472671104705 1.0046816839472166 0.8796725592275039
15.564564564564565 0.7966814586147019 1.0331853729247382 1.0049266875716616 0.8799377762150544
15.57057057057057 0.796374156219865 1.0334227532957876 1.0051709776563083 0.8802023417601202
15.576576576576576 0.7960670908039329 1.0336594098737488 1.00541455579179 0.8804662571951273
15.582582582582582 0.7957602620928889 1.0338953443048657 1.0056574235650404 0.8807295238493414
15.588588588588589 0.795453669813138 1.0341305582309588 1.0058995825588017 0.8809921430485007
15.594594594594595 0.7951473136915077 1.0343650532892659 1.0061410343514945 0.8812541161147518
15.6006006006006 0.7948411934552454 1.0346411244903266 1.0064231261533978 0.8815524885349475
15.606606606606606 0.7945353088320184 1.034923613247715 1.0067114883743873 0.8818564708510561
15.612612612612612 0.7942296595499134 1.0352052985583278 1.0069990618884526 0.882159738587237
15.618618618618619 0.7939242453374351 1.035486182237083 1.0072858484420566 0.8824622931929474
15.624624624624625 0.7936190659235057 1.0357662660931741 1.0075718497763366 0.8827641361135835
15.63063063063063 0.793314121037464 1.0360455519281253 1.0078570676250493 0.8830652687879564
15.636636636636636 0.7930094104090648 1.0363240415401962 1.008141503718625 0.8833656926508309
15.642642642642642 0.7927049337684777 1.0366017367245692 1.0084251597846512 0.8836654091347728
15.64864864864865 0.7924006908462866 1.0368786392716751 1.0087080375464148 0.8839644196697499
15.654654654654655 0.7920966813734893 1.0371547509672074 1.0089901387227136 0.8842627256821446
15.66066066066066 0.7917929050814957 1.0374300735922433 1.0092714650279422 0.8845603285947595
15.666666666666666 0.7914893617021277 1.0377046089228856 1.0095520181718112 0.8848572298269581
15.672672672672672 0.7911860509676183 1.0379783587305664 1.0098317998596162 0.8851534307949015
15.67867867867868 0.7908829726106109 1.0382513247818628 1.0101108117920374 0.885448932911358
15.684684684684685 0.7905801263641584 1.038523508839169 1.010389055665791 0.8857437375863507
15.69069069069069 0.7902775119617225 1.0387949126593041 1.010666533172321 0.8860378462263127
15.696696696696696 0.7899751291371723 1.039068361510421 1.01094600661675 0.8863337363857672
15.702702702702704 0.7896729776247848 1.0393449399152392 1.011228536453769 0.8866323595932354
15.70870870870871 0.7893710571592429 1.0396207314950279 1.0115102935691984 0.8869302813816297
15.714714714714715 0.7890693674756354 1.0398957380177751 1.011791279665221 0.8872275031686796
15.72072072072072 0.7887679083094556 1.040169961246995 1.0120714964397173 0.8875240263691775
15.726726726726726 0.7884666793966011 1.040443402941754 1.0123509455863742 0.8878198523954258
15.732732732732734 0.7881656804733727 1.0407160648557825 1.0126296287938528 0.8881149826566584
15.73873873873874 0.7878649112764738 1.0409879487386873 1.0129075477469105 0.8884094185597486
15.744744744744745 0.7875643715430096 1.0412590563354067 1.0131847041258355 0.8887031615085157
15.75075075075075 0.7872640610104862 1.0415293893859712 1.0134610996063087 0.8889962129040007
15.756756756756756 0.7869639794168096 1.0417989496260007 1.013736735859857 0.8892885741446943
15.762762762762764 0.7866641265002857 1.0420677387863342 1.014011614553436 0.8895802466258268
15.76876876876877 0.7863645019996192 1.04233575859362 1.0142857373500218 0.8898712317399364
15.774774774774775 0.7860651056539121 1.0426030107693647 1.014559105907785 0.8901615308765085
15.78078078078078 0.7857659372026642 1.0428694970305181 1.014831721880554 0.8904511454218618
15.786786786786786 0.7854669963857714 1.0431352190904888 1.0151035869187626 0.8907400767597491
15.792792792792794 0.7851682829435254 1.043400178657036 1.015374702667537 0.8910283262702579
15.7987987987988 0.7848697966166127 1.0436795625762239 1.0156599207745745 0.8913292273818947
15.804804804804805 0.7845715371461144 1.0439625482561674 1.015948657898043 0.8916332801165167
15.81081081081081 0.7842735042735043 1.04424474248048 1.0162366178062274 0.8919366275035853
15.816816816816816 0.7839756977406493 1.0445261470230092 1.016523802207242 0.8922392709739788
15.822822822822824 0.7836781172898082 1.0448067636534786 1.0168102128052499 0.8925412119553977
15.82882882882883 0.7833807626636311 1.0450865941369931 1.0170958512999893 0.8928424518719578
15.834834834834835 0.7830836336051583 1.0453656402334879 1.0173807193863673 0.8931429921444506
15.84084084084084 0.7827867298578198 1.0456439036978122 1.0176648187545145 0.893442834190261
15.846846846846846 0.7824900511654349 1.0459213862813561 1.0179481510911903 0.8937419794238345
15.852852852852854 0.7821935972722106 1.0461980897299432 1.0182307180778898 0.8940404292557446
15.85885885885886 0.7818973679227419 1.0464740157846786 1.0185125213917456 0.8943381850938578
15.864864864864865 0.7816013628620102 1.0467491661821888 1.0187935627055664 0.8946352483425036
15.87087087087087 0.7813055818353832 1.047023542654808 1.0190738436880487 0.8949316204027706
15.876876876876876 0.7810100245886136 1.0472971469299692 1.0193533660033496 0.8952273026729173
15.882882882882884 0.7807146908678388 1.0475699807299232 1.0196321313107446 0.8955222965477599
15.88888888888889 0.7804195804195804 1.0478420457733033 1.019910141265953 0.8958166034189908
15.894894894894895 0.7801246929907425 1.048113343773839 1.0201873975200755 0.896110224675065
15.9009009009009 0.7798300283286118 1.0484206988403686 1.020499922679909 0.896435525345742
15.906906906906906 0.779535586180857 1.0487305305486219 1.0208148681421185 0.8967629957516337
15.912912912912914 0.7792413662955274 1.049039529658624 1.021128996704214 0.8970897274248731
15.91891891891892 0.7789473684210526 1.0493476980105498 1.0214423101367582 0.8974157218454889
15.924924924924925 0.7786535923062418 1.0496550374391331 1.0217548102052183 0.897740980489815
15.93093093093093 0.7783600377002828 1.0499615497753914 1.0220664986713386 0.8980655048302987
15.936936936936936 0.7780667043527417 1.0502672368451744 1.0223773772920486 0.8983892963358465
15.942942942942944 0.7777735920135618 1.050572100468386 1.0226874478187933 0.8987123564716105
15.94894894894895 0.7774807004330634 1.0508761424602497 1.02299671199849 0.899034686698381
15.954954954954955 0.7771880293619424 1.0511793646328769 1.0233051715750023 0.8993562884735599
15.96096096096096 0.77689557855127 1.051481768791398 1.0236128282857597 0.8996771632499049
15.966966966966966 0.7766033477524921 1.0517833567356658 1.0239196838633162 0.8999973124764078
15.972972972972974 0.776311336717428 1.0520841302623811 1.024225740036864 0.9003167375971598
15.97897897897898 0.7760195451982709 1.0523840911622975 1.0245309985300688 0.9006354400517004
15.984984984984985 0.7757279729475859 1.0526832412193525 1.0248354610604329 0.900953421275394
15.99099099099099 0.7754366197183098 1.0529815822132476 1.0251391293411982 0.9012706826983344
15.996996996996996 0.7751454852637507 1.0532791159187676 1.0254420050806539 0.9015872257444975
16.003003003003002 0.7748545693375868 1.0535811410964928 1.0257492722569097 0.9019077129294809
16.00900900900901 0.7745638716938661 1.0538833388402953 1.0260567056106022 0.9022283443638897
16.015015015015017 0.7742733920870053 1.0541847234689565 1.0263633407904822 0.9025482526100829
16.02102102102102 0.7739831302717901 1.0544852967438272 1.0266691794910021 0.902867439073977
16.027027027027028 0.7736930860033726 1.0547850603947333 1.026974223377359 0.9031859051414685
16.033033033033032 0.7734032590372729 1.0550840161360469 1.027278474099158 0.9035036521813108
16.03903903903904 0.7731136491293765 1.0553821657065983 1.027581933325906 0.9038206815610543
16.045045045045043 0.772824256035935 1.0556795108876968 1.0278846027663644 0.9041369946722839
16.05105105105105 0.772535079513564 1.0559760534768317 1.0281864841484576 0.9044525929383234
16.057057057057058 0.7722461193192444 1.056271795259652 1.0284875791933805 0.904767477798425
16.063063063063062 0.7719573752103197 1.0565667380082577 1.0287878896100884 0.905081650685901
16.06906906906907 0.7716688469444962 1.05686088348878 1.029087417100188 0.9053951130209833
16.075075075075077 0.771380534279843 1.0571542334609854 1.0293861633588348 0.905707866217076
16.08108108108108 0.7710924369747898 1.057446789674884 1.0296841300723965 0.9060199116831028
16.087087087087088 0.7708045547881276 1.0577385538749215 1.029981318921678 0.9063312508226339
16.093093093093092 0.7705168874790073 1.0580295278017278 1.0302777315833778 0.9066418850341813
16.0990990990991 0.770229434806939 1.0583197131894229 1.0305733697282233 0.9069518157130981
16.105105105105103 0.7699421965317921 1.0586191755805032 1.0308780829299826 0.9072699097820408
16.11111111111111 0.7696551724137931 1.0589261633077869 1.0311901574132492 0.9075946256423725
16.117117117117118 0.769368362213527 1.0592323354545623 1.031501431275829 0.9079186158576956
16.123123123123122 0.7690817656919352 1.0595376938143393 1.0318119062450826 0.9082418818710003
16.12912912912913 0.7687953826103145 1.0598422401758514 1.0321215840438303 0.9085644251222099
16.135135135135137 0.7685092127303182 1.0601459763234617 1.0324304663904962 0.9088862470472155
16.14114114114114 0.7682232558139535 1.0604489040370888 1.032738554999355 0.9092073490795253
16.147147147147148 0.7679375116235819 1.0607510250902734 1.0330458515787906 0.9095277326492359
16.153153153153152 0.7676519799219186 1.0610523412523318 1.0333523578330293 0.9098473991828503
16.15915915915916 0.7673666604720313 1.0613528542886987 1.0336580754625362 0.9101663501037675
16.165165165165163 0.7670815530373398 1.0616525659589957 1.0339630061623917 0.9104845868319499
16.17117117117117 0.7667966573816156 1.0619514780180763 1.0342671516232265 0.9108021107842992
16.177177177177178 0.7665119732689808 1.062249592216836 1.0345705135317549 0.9111189233739562
16.183183183183182 0.7662275004639081 1.062546910301302 1.0348730935700543 0.9114350260103405
16.18918918918919 0.7659432387312186 1.062843434012303 1.0351748934154195 0.9117504200997361
16.195195195195197 0.7656591878360837 1.0631391650861652 1.0354759147408272 0.9120651070446463
16.2012012012012 0.7653753475440223 1.0634341052551533 1.0357761592153014 0.9123790882437729
16.207207207207208 0.7650917176209003 1.0637282570207673 1.0360756292610276 0.9126923657751105
16.213213213213212 0.764808297832932 1.0640216521195491 1.0363743559162377 0.9130049675030424
16.21921921921922 0.7645250879466765 1.0643142614263978 1.0366723106474287 0.9133168676151501
16.225225225225223 0.7642420877290395 1.0646060866560003 1.0369694951069843 0.9136280674962984
16.23123123123123 0.7639592969472709 1.0648971295172842 1.0372659109418993 0.9139385685272826
16.237237237237238 0.7636767153689661 1.0651873917145802 1.037561559794831 0.9142483720854074
16.243243243243242 0.7633943427620632 1.0654768749484587 1.0378564433047872 0.9145574795445802
16.24924924924925 0.7631121788948438 1.0657655809148823 1.0381505631064103 0.9148658922752132
16.255255255255257 0.7628302235359319 1.066053511305026 1.038443920829897 0.9151736116446267
16.26126126126126 0.7625484764542937 1.0663406678054521 1.0387365181010202 0.9154806390164674
16.26726726726727 0.7622669374192357 1.0666270520995327 1.0390283565424776 0.9157869757517793
16.273273273273272 0.761985606200406 1.0669126658650405 1.0393194377717012 0.9160926232078094
16.27927927927928 0.7617044825677919 1.0671975107755909 1.0396097634022272 0.91639758273913
16.285285285285283 0.7614235662917206 1.0674815885006013 1.0398993350435517 0.9167018556970626
16.29129129129129 0.7611428571428571 1.067764900705365 1.0401881543012332 0.9170054434299418
16.2972972972973 0.7608623548922057 1.0680474490503398 1.0404762227763114 0.9173083472831058
16.303303303303302 0.760582059311107 1.068329235191508 1.0407635420655783 0.9176105685988091
16.30930930930931 0.7603019701712392 1.06861026078167 1.0410501137627797 0.9179121087170162
16.315315315315317 0.7600220872446162 1.068885295909465 1.0413308166676338 0.9182083486737451
16.32132132132132 0.7597424103035879 1.0691456137982704 1.0415971051220665 0.9184915797741564
16.32732732732733 0.7594629391208386 1.0694052111602443 1.0418626846391268 0.9187741624117727
16.333333333333332 0.7591836734693879 1.0696640895668197 1.042127556735711 0.9190560978688668
16.33933933933934 0.7589046131225877 1.0699222505850463 1.0423917229245845 0.9193373874247104
16.345345345345343 0.7586257578541247 1.0701796957780008 1.0426551847147938 0.9196180323559604
16.35135135135135 0.7583471074380166 1.0704364267044533 1.0429179436112372 0.9198980339357854
16.35735735735736 0.7580686616486139 1.070692444919432 1.0431800011152341 0.9201773934344063
16.363363363363362 0.7577904202605983 1.0709477519736648 1.0434413587240856 0.9204561121191182
16.36936936936937 0.7575123830489817 1.0712023494139369 1.043702017931327 0.9207341912540772
16.375375375375377 0.7572345497891069 1.071456238782745 1.0439619802264035 0.9210116321000085
16.38138138138138 0.7569569202566453 1.0717094216191088 1.0442212470954442 0.9212884359148178
16.38738738738739 0.7566794942275975 1.0719618994576299 1.0444798200204237 0.9215646039531804
16.393393393393392 0.7564022714782928 1.0722136738288008 1.0447377004793996 0.9218401374664816
16.3993993993994 0.7561252517853873 1.0724647462595462 1.0449948899470214 0.922115037703186
16.405405405405407 0.7558484349258648 1.0727151182727512 1.0452513898940934 0.9223893059085798
16.41141141141141 0.7555718206770358 1.0729647913872624 1.0455072017876401 0.9226629433251252
16.41741741741742 0.7552954088165355 1.07321376711785 1.0457623270907763 0.9229359511919891
16.423423423423422 0.755019199122326 1.0734722482803127 1.0460267573381137 0.9232173490947202
16.42942942942943 0.7547431913726923 1.073755761374177 1.0463156980460733 0.9235208655418087
16.435435435435437 0.754467385346245 1.0740385184320977 1.0466038954900192 0.9238237042961169
16.44144144144144 0.7541917808219178 1.0743205210866782 1.0468913512449338 0.9241258666844552
16.44744744744745 0.7539163775789665 1.0746017709650841 1.0471780668807318 0.9244273540303616
16.453453453453452 0.7536411753969703 1.0748822696880307 1.0474640439612197 0.9247281676529954
16.45945945945946 0.7533661740558292 1.0751620188725317 1.0477492840465006 0.9250283088680474
16.465465465465467 0.753091373335765 1.075441020131512 1.0480337886926536 0.9253277789877706
16.47147147147147 0.7528167730173199 1.0757192750746842 1.0483175594528427 0.9256265793231341
16.47747747747748 0.7525423728813558 1.075996785307657 1.0486005978763964 0.9259247111828546
16.483483483483482 0.7522681727090544 1.0762735524317661 1.0488829055085744 0.9262221758728761
16.48948948948949 0.7519941722819159 1.0765495780448144 1.0491644838912977 0.9265189746970484
16.495495495495497 0.7517203713817585 1.0768248637396975 1.0494453345618224 0.9268151089560192
16.5015015015015 0.7514467697907189 1.0770994111064718 1.0497254590547445 0.927110579948926
16.50750750750751 0.7511733672912497 1.0773732217299683 1.050004858899683 0.9274053889713442
16.513513513513512 0.7509001636661211 1.077646297191604 1.0502835356230207 0.9276995373166678
16.51951951951952 0.7506271586984185 1.0779186390682225 1.0505614907467842 0.9279930262751112
16.525525525525527 0.7503543521715428 1.0781902489332835 1.0508387257898302 0.9282858571347834
16.53153153153153 0.7500817438692098 1.0784640018150256 1.0511180566885039 0.9285805741381769
16.53753753753754 0.7498093335754494 1.078786160899083 1.051444796727022 0.9289181223205482
16.543543543543542 0.7495371210746052 1.0791075039375204 1.0517707355098866 0.9292549435547203
16.54954954954955 0.7492651061513337 1.0794280326772412 1.0520958747206324 0.9295910392574583
16.555555555555557 0.748993288590604 1.0797477488604204 1.0524202160382956 0.9299264108417367
16.56156156156156 0.7487216681776973 1.080066654224709 1.0527437611376498 0.930261059717008
16.56756756756757 0.7484502446982055 1.080384750503444 1.0530665116893594 0.930594987289065
16.573573573573572 0.7481790179380323 1.0807020394254572 1.0533884693598554 0.9309281949601018
16.57957957957958 0.7479079876833906 1.0810185227152997 1.053709635811487 0.9312606841285375
16.585585585585587 0.7476371537208037 1.0813342020928367 1.0540300127021784 0.9315924561888714
16.59159159159159 0.7473665158371041 1.0816490792738407 1.0543496016859744 0.9319235125320006
16.5975975975976 0.7470960738194318 1.08196315596938 1.0546684044124606 0.9322538545447662
16.603603603603602 0.7468258274552361 1.0822764338866282 1.0549864225275525 0.932583483610633
16.60960960960961 0.7465557765322726 1.0825889147278502 1.0553036576724808 0.9329124011087186
16.615615615615617 0.7462859208386047 1.0829006001913992 1.0556201114848078 0.9332406084148863
16.62162162162162 0.7460162601626016 1.0832114919711038 1.055935785597788 0.9335681069010658
16.62762762762763 0.7457467942929383 1.0835215917565788 1.0562506816406911 0.9338948979356642
16.633633633633632 0.7454775230185954 1.083830901232993 1.0565648012385827 0.9342209828834538
16.63963963963964 0.7452084461288576 1.0841394220813287 1.0568781460125294 0.9345463631056365
16.645645645645647 0.744939563413314 1.084427140348434 1.0571711077178816 0.9348533031144889
16.65165165165165 0.7446708746618576 1.084699745671876 1.057449259999164 0.9351468416110728
16.65765765765766 0.7444023796646836 1.0849716258731827 1.0577266988128209 0.9354397274446034
16.663663663663662 0.7441340782122906 1.0852427824993671 1.0580034256529844 0.9357319618774557
16.66966966966967 0.7438659700954783 1.0855132170933826 1.0582794420098827 0.9360235461687597
16.675675675675677 0.7435980551053483 1.0857829311942595 1.0585547493700824 0.9363144815750661
16.68168168168168 0.7433303330333033 1.086051926337154 1.0588293492164527 0.936604769350027
16.68768768768769 0.7430628036710455 1.0863202040532811 1.0591032430280607 0.9368944107441913
16.693693693693692 0.7427954668105775 1.0865877658701797 1.0593764322805763 0.9371834070059485
16.6996996996997 0.7425283222442007 1.086854613311125 1.0596489184455813 0.9374717593804672
16.705705705705707 0.7422613697645155 1.087120747896027 1.0599207029914315 0.937759469110381
16.71171171171171 0.7419946091644205 1.087386171140571 1.06019178738252 0.9380465374355139
16.71771771771772 0.7417280402371115 1.087650884556677 1.0604621730796393 0.9383329655928514
16.723723723723722 0.7414616627760819 1.0879148896522937 1.0607318615398278 0.9386187548165252
16.72972972972973 0.7411954765751212 1.0881781879320165 1.0610008542169158 0.938903906338015
16.735735735735737 0.7409294814283149 1.0884407808965928 1.061269152561093 0.9391884213859327
16.74174174174174 0.7406636771300449 1.0887026700425042 1.0615367580185164 0.9394723011856656
16.74774774774775 0.7403980634749865 1.0889638568626936 1.0618036720319564 0.9397555469596499
16.753753753753752 0.7401326402581108 1.0892243428464843 1.0620698960407475 0.9400381599273502
16.75975975975976 0.7398674072746819 1.0895511565863716 1.062401112431086 0.9403796036705757
16.765765765765767 0.7396023643202578 1.0898881439749415 1.0627422965072808 0.9407300696197801
16.77177177177177 0.7393375111906894 1.0902243044928024 1.0630826687788528 0.9410797992543363
16.77777777777778 0.7390728476821192 1.0905596398775226 1.0634222309205388 0.9414287939748556
16.783783783783782 0.7388083735909823 1.0908941518617923 1.0637609846024845 0.941777055178084
16.78978978978979 0.7385440887140047 1.0912278421740338 1.0640989314908147 0.9421245842573096
16.795795795795797 0.738279992848203 1.0915607125385773 1.0644360732477653 0.9424713826023072
16.8018018018018 0.7380160857908847 1.091892764675361 1.0647724115313926 0.9428174515991105
16.80780780780781 0.7377523673396462 1.0922240002999903 1.0651079479956713 0.9431627926303257
16.813813813813812 0.7374888372923737 1.09255442112347 1.0654426842902385 0.9435074070749739
16.81981981981982 0.7372254954472415 1.0928840288533042 1.0657766220614175 0.9438512963092411
16.825825825825827 0.7369623416027127 1.093212825192322 1.0661097629510625 0.9441944617054852
16.83183183183183 0.736699375557538 1.0935408118390677 1.0664421085970077 0.9445369046330108
16.83783783783784 0.7364365971107543 1.093867990487746 1.066773660632997 0.9448786264580306
16.843843843843842 0.7361740060616866 1.0941943628284605 1.0671044206888578 0.945219628543642
16.84984984984985 0.7359116022099447 1.0945199305475632 1.0674343903908645 0.9455599122503243
16.855855855855857 0.7356493853554248 1.0948446953266424 1.0677635713607914 0.9458994789353772
16.86186186186186 0.735387355298308 1.0951686588431346 1.0680919652165188 0.946238329953559
16.86786786786787 0.7351255118390599 1.095491822770566 1.0684195735721826 0.9465764666569265
16.873873873873872 0.7348638547784303 1.0959592543242604 1.068888585924611 0.9470427488637849
16.87987987987988 0.7346023839174524 1.096444862028888 1.0693754159065527 0.9475251911478071
16.885885885885887 0.7343410990574425 1.0969294296070293 1.0698612286294717 0.948006725081073
16.89189189189189 0.7340800000000001 1.0974129590864554 1.070346026036934 0.9484873522472718
16.8978978978979 0.7338190865470055 1.0978954524904299 1.0708298100682705 0.9489670742275106
16.903903903903903 0.7335583585006218 1.0983769118379287 1.0713125826588603 0.9494458926008701
16.90990990990991 0.7332978156632924 1.09885733914322 1.071794345739702 0.9499238089439328
16.915915915915917 0.7330374578377419 1.0993367364166282 1.0722751012380678 0.9504008248309422
16.92192192192192 0.7327772848269742 1.0998151056641503 1.07275485107717 0.9508769418336507
16.92792792792793 0.7325172964342735 1.1002924488870858 1.0732335971758795 0.951352161521395
16.933933933933933 0.7322574924632027 1.1007687680825262 1.0737113414491612 0.9518264854612479
16.93993993993994 0.7319978727176033 1.1012440652436317 1.0741880858082586 0.9522999152177491
16.945945945945947 0.7317384370015948 1.101718342358973 1.074663832160099 0.9527724523525312
16.95195195195195 0.7314791851195749 1.1021916014127493 1.075138582407589 0.9532440984249099
16.95795795795796 0.7312201168762175 1.1026638443847538 1.0756123384495333 0.9537148549915606
16.963963963963963 0.7309612320764738 1.1031350732505945 1.076085102180766 0.9541847236062012
16.96996996996997 0.7307025305255707 1.1036052899821138 1.0765568754925912 0.9546537058200876
16.975975975975977 0.730444012029011 1.1040744965462967 1.077027660271844 0.9551218031817047
16.98198198198198 0.7301856763925729 1.1045426949060142 1.077497458401527 0.9555890172369388
16.98798798798799 0.7299275234223086 1.1050897489823284 1.0780445703692858 0.9561263899562576
16.993993993993993 0.729669552924545 1.1056794958200882 1.0786335439050487 0.9567017665679142
17.0 0.7294117647058823 1.106268086495521 1.0792213890103972 0.9572761444120409
17.006006006006007 0.7291541585731943 1.1068555230299417 1.0798081076124637 0.957849525023973
17.01201201201201 0.7288967343336274 1.1076684618379125 1.0806159346055808 0.9586235994368615
17.01801801801802 0.7286394917946003 1.1085491894079353 1.08149024147143 0.9594580670702807
17.024024024024023 0.7283824307638032 1.1094285309058776 1.0823632038323276 0.9602913775042974
17.03003003003003 0.7281255510491976 1.1103064874797368 1.0832348227288695 0.9611235313549471
17.036036036036037 0.7278688524590163 1.1114856596244835 1.0844018088539529 0.9622238881673698
17.04204204204204 0.7276123348017621 1.1127057527831432 1.0856089466249306 0.9633608093857032
17.04804804804805 0.7273559978862074 1.1139242314419973 1.0868145291440943 0.9644964355850745
17.054054054054053 0.7270998415213946 1.11514109475264 1.0880185554585144 0.9656307654380047
17.06006006006006 0.7268438655166344 1.1173903072081182 1.0902349581467063 0.9676846545417367
17.066066066066067 0.7265880696815061 1.1196635013837992 1.092474963528639 0.9697603309153091
17.07207207207207 0.7263324538258575 1.1219349048021714 1.0947132989770851 0.9718348441744672
17.07807807807808 0.726077017759803 1.1244251630560744 1.0971663340951425 0.9741047576277598
17.084084084084083 0.7258217612937248 1.1301004026565176 1.1027428945439188 0.9792133683308856
17.09009009009009 0.725566684238271 1.1357595381543801 1.10830408276135 0.9843097400365117
17.096096096096097 0.7253117864043561 1.1414025791723466 1.113849905396867 0.9893938678739022
17.1021021021021 0.7250570676031607 1.147666079756964 1.1200046652000393 0.9950334383513192
17.10810810810811 0.7248025276461295 1.1576875514624119 1.1298458908483324 1.0040285665224713
17.114114114114113 0.7245481663449729 1.1677659899865371 1.1397439817106254 1.013079755642165
17.12012012012012 0.7242939835116646 1.1783178032770045 1.1501070100907498 1.0225575115910301
17.126126126126128 0.7240399789584429 1.187924690752597 1.1595438608342803 1.0311957209688167
17.13213213213213 0.723786152497809 1.1941578564819935 1.1656706247124153 1.036819726694086
17.13813813813814 0.7235325039425267 1.199234657079739 1.1706631161320042 1.0414115977033962
17.144144144144143 0.7232790331056227 1.2006506922974884 1.1720637723504486 1.0427308926694656
17.15015015015015 0.7230257398003852 1.2029673816641644 1.174348659420084 1.0448573911954389
17.156156156156158 0.722772623840364 1.207760450423675 1.179064908253661 1.049204016193331
17.16216216216216 0.72251968503937 1.2167750124104364 1.1879248863784146 1.0573324376026196
17.16816816816817 0.7222669232114746 1.2360216599003944 1.206830256059225 1.0746363334775546
17.174174174174173 0.7220143381710089 1.2571355461188054 1.2275715662446085 1.0936302681425079
17.18018018018018 0.7217619297325643 1.2826228641326858 1.2526091736533087 1.1165629725460473
17.186186186186188 0.7215096977109906 1.307230883810409 1.2767859432984132 1.1387218791941311
17.19219219219219 0.7212576419213974 1.3293069339567696 1.2984735917994679 1.1585983318652155
17.1981981981982 0.7210057621791514 1.3383778785111764 1.3073809663151847 1.1667522677771276
17.204204204204203 0.7207540582998779 1.3275427333632333 1.296729722135256 1.1569759071771502
17.21021021021021 0.7205025300994591 1.295073886781616 1.2648344142689996 1.1277720375249332
17.216216216216218 0.7202511773940344 1.2428170898653457 1.2135297514464618 1.080909073156795
17.22222222222222 0.72 1.18503704492434 1.156837688953931 1.0292663029308304
17.22822822822823 0.7197489977340072 1.1342081049696888 1.106994815374498 0.9839790528963234
17.234234234234233 0.7194981704129639 1.0824760561377744 1.056287857437926 0.9379970989521906
17.24024024024024 0.7192475178540323 1.0298079683029182 1.004685702213426 0.8912970547436739
17.246246246246248 0.7189970398746299 0.9951388141715466 0.9707342731799737 0.8606353410111925
17.25225225225225 0.7187467362924281 0.9910589586291491 0.9667488642018751 0.8570701953724122
17.25825825825826 0.7184966069253523 0.9873414013150223 0.9631181470390477 0.8538247673703937
17.264264264264263 0.7182466515915811 0.9839899954705801 0.9598458722006417 0.8509023382203538
17.27027027027027 0.7179968701095462 0.9849214583670095 0.9607681769134996 0.8517694508012374
17.276276276276278 0.7177472622979314 0.9923189016948949 0.9680238829001407 0.8583615177634969
17.28228228228228 0.7174978279756734 0.9997835151185985 0.9753460856522531 0.8650165168656826
17.28828828828829 0.7172485669619593 1.0073135830631632 0.9827331251405167 0.8717330324792422
17.294294294294293 0.7169994790762285 1.0140291374786625 0.989322764432043 0.8777310553229531
17.3003003003003 0.7167505641381704 1.0193014485908296 0.9944986916884271 0.8824520234186469
17.306306306306308 0.7165018219677252 1.0245867582705441 0.999687730322893 0.8871863825389418
17.31231231231231 0.7162532523850824 1.029884660773949 1.0048894861349298 0.8919337901905133
17.31831831831832 0.7160048552106815 1.0350383547305273 1.0099502805719183 0.8965550473195085
17.324324324324323 0.7157566302652106 1.039914800477574 1.014739685892177 0.9009318614117586
17.33033033033033 0.7155085773696067 1.0447997502234312 1.0195377537681765 0.9053178600326023
17.336336336336338 0.7152606963450545 1.0496929042677186 1.024344192676911 0.9097127885209169
17.34234234234234 0.7150129870129871 1.0548959793991954 1.0294547920052861 0.9143849088963055
17.34834834834835 0.7147654491950839 1.0607516970653037 1.0352056235632943 0.9196393569972043
17.354354354354353 0.7145180827132722 1.0666198192279266 1.0409690786468266 0.9249071435714037
17.36036036036036 0.714270887389725 1.0724998598072104 1.0467446847314712 0.930187857029131
17.366366366366368 0.7140238630468614 1.0795324640664168 1.053650986866369 0.936497337077367
17.37237237237237 0.7137770095073466 1.0895773585556623 1.0635121796686968 0.9454943329389128
17.37837837837838 0.7135303265940901 1.0996392595755948 1.073391321337474 0.9545128396958326
17.384384384384383 0.7132838141302471 1.109716562954526 1.0832868521656436 0.9635514979108096
17.39039039039039 0.713037471939216 1.1220341564463792 1.095381555332268 0.9745971459128451
17.396396396396398 0.7127912998446401 1.1421280723603269 1.1151087470172167 0.9926038427202993
17.4024024024024 0.7125452976704055 1.1642570477783516 1.1368379580697983 1.0124559509124793
17.40840840840841 0.7122994652406417 1.1951455195586809 1.1671721818132446 1.040189573325499
17.414414414414413 0.7120538023797206 1.2267031717153218 1.1981735644693847 1.0685756910700825
17.42042042042042 0.7118083089122565 1.263617019413703 1.2344449188522868 1.1018269521677
17.426426426426428 0.7115629846631052 1.2993051369936133 1.269524264190766 1.134037881107289
17.43243243243243 0.7113178294573643 1.3300360642243674 1.2997377757896096 1.161813541332648
17.43843843843844 0.7110728431203719 1.3592540356744809 1.3284713713429483 1.188260505217691
17.444444444444443 0.7108280254777071 1.3729413576180916 1.341937872289655 1.2006809611760034
17.45045045045045 0.7105833763551884 1.3864763039818382 1.3552561933513192 1.212971732531579
17.456456456456458 0.7103388955788749 1.394875202937039 1.3635335476013724 1.22065669137014
17.46246246246246 0.7100945829750644 1.4032597700815927 1.3717977713378942 1.2283335619176299
17.46846846846847 0.7098504383702939 1.4422022358295916 1.4101378573452759 1.2637902085369577
17.474474474474476 0.7096064615913387 1.4809163822421243 1.4482701623478933 1.2991257149864415
17.48048048048048 0.7093626524652122 1.5633222703574348 1.5294335868383824 1.374349775852284
17.486486486486488 0.7091190108191653 1.6460163718116088 1.610935601595712 1.4501202759444622
17.49249249249249 0.7088755364806868 1.738170782902125 1.7017772742625326 1.5346620042528767
17.4984984984985 0.7086322292775012 1.8143299678446905 1.776831906583399 1.6044525365705526
17.504504504504503 0.7083890890375708 1.871213084756602 1.832846819841004 1.6563770905090662
17.51051051051051 0.7081461155890928 1.896543347324934 1.8577081409751843 1.6791024184668253
17.516516516516518 0.7079033087605004 1.87673498260989 1.8380347511929083 1.6602135338247659
17.52252252252252 0.7076606683804627 1.796864269147439 1.7591575414265586 1.5862351614256587
17.52852852852853 0.7074181942778824 1.6597099277513931 1.623942216944104 1.4603679467134798
17.534534534534536 0.7071758862818975 1.4835833742174145 1.4505756233590816 1.3001127007950666
17.54054054054054 0.7069337442218798 1.298330340589529 1.2685204822465392 1.1330596294993838
17.546546546546548 0.7066917679274345 1.0993452019582044 1.0732851537655608 0.9552326934307342
17.55255255255255 0.7064499572284003 0.9354840081234648 0.912752344718024 0.8100200724544855
17.55855855855856 0.7062083119548487 0.8015718405276465 0.7817159246966823 0.6921394312712636
17.564564564564563 0.7059668319370833 0.7119407839955483 0.6940862695749249 0.6136263147174562
17.57057057057057 0.7057255170056401 0.669649965707948 0.6527623414048221 0.5766917541280829
17.576576576576578 0.7054843669912865 0.649515368480648 0.6330943729190032 0.5591352364555491
17.58258258258258 0.7052433817250214 0.6553339013852756 0.6387835665046465 0.5642265011105341
17.58858858858859 0.705002561038074 0.6656396488118704 0.6488576735600555 0.5732372617180167
17.594594594594597 0.7047619047619046 0.6806378261964123 0.6635189798701051 0.5863564072086089
17.6006006006006 0.7045214127282033 0.6955257392956028 0.6780746829726663 0.5993901480226175
17.606606606606608 0.7042810847688895 0.7084894925325907 0.6907519383089376 0.6107534465672718
17.61261261261261 0.7040409207161126 0.7208631585078936 0.7028539713013097 0.6216085128606715
17.61861861861862 0.7038009204022497 0.7299990981998825 0.7117921813306965 0.6296368788501007
17.624624624624623 0.703561083659908 0.7392493216381931 0.7208429811176084 0.6377695667412201
17.63063063063063 0.7033214103219212 0.7486108105280691 0.7300034534697424 0.646004102955515
17.636636636636638 0.7030819002213519 0.7579672614132322 0.7391598999011294 0.6542386991413134
17.64264264264264 0.7028425531914894 0.764368908275527 0.7454275397817491 0.6598863021856167
17.64864864864865 0.7026033690658499 0.7708113329798769 0.7517355176479145 0.6655719447826867
17.654654654654657 0.7023643476781765 0.7772936071100424 0.7580829346418224 0.6712948585658487
17.66066066066066 0.7021254888624384 0.7838148063820067 0.7644688958208647 0.6770542781856699
17.666666666666668 0.7018867924528301 0.7889909834796881 0.7695396168113665 0.6816348065420443
17.67267267267267 0.7016482582837723 0.7939494556870477 0.7743976825725283 0.6860256570435987
17.67867867867868 0.70140988618991 0.7989256339812492 0.7792733643431077 0.6904335257707653
17.684684684684683 0.7011716760061132 0.8039191245207798 0.7841662801392478 0.6948580834760358
17.69069069069069 0.7009336275674758 0.80823592954328 0.7883974180441361 0.6986891608562042
17.696696696696698 0.7006957407093161 0.812204190095186 0.7922877533312451 0.702214864725241
17.7027027027027 0.7004580152671755 0.816180459239542 0.7961861256187537 0.7057486095334786
17.70870870870871 0.7002204510768187 0.8201645478482263 0.8000923511236199 0.7092902354841631
17.714714714714717 0.6999830479742328 0.8238625700503223 0.8037188400474832 0.7125811085956053
17.72072072072072 0.6997458057956278 0.8272092784624481 0.807001704660095 0.7155636182751289
17.726726726726728 0.6995087243774352 0.8305596164603462 0.8102882716137273 0.7185500699435833
17.73273273273273 0.6992718035563082 0.8339134787476381 0.81357843838178 0.7215403736424694
17.73873873873874 0.6990350431691214 0.8371786413187922 0.816781941756194 0.7244532900853735
17.744744744744743 0.6987984430529701 0.8401429030199834 0.8196910735568104 0.7271018000768716
17.75075075075075 0.69856200304517 0.8431091238910643 0.8226022454656368 0.7297526452857511
17.756756756756758 0.6983257229832571 0.8460772323346396 0.8255153876642686 0.7324057640415509
17.762762762762762 0.6980896027049873 0.8490459440380286 0.8284292432309821 0.735060025594254
17.76876876876877 0.6978536420483352 0.8514457827402331 0.8307863486628271 0.7372133320751958
17.774774774774777 0.6976178408514951 0.8538455357776492 0.8331434559732473 0.7393669898124309
17.78078078078078 0.6973821989528796 0.8562451693319351 0.8355005320544742 0.7415209690545573
17.786786786786788 0.6971467161911193 0.8586446498507736 0.8378575440553391 0.7436752402657988
17.792792792792792 0.6969113924050633 0.860931692713089 0.840104562216964 0.7457307341786581
17.7987987987988 0.6966762274337777 0.8631824370366048 0.8423161211494851 0.7477545905971378
17.804804804804803 0.6964412211165458 0.8654326512480189 0.844527238032406 0.7497783627981942
17.81081081081081 0.6962063732928679 0.8676823091607245 0.8467378871799206 0.7518020275075475
17.816816816816818 0.6959716838024608 0.8698430978733536 0.8488615963923037 0.753747604467972
17.822822822822822 0.695737152485257 0.8719162902980676 0.850899604639316 0.7556161809011314
17.82882882882883 0.6955027791814047 0.8739887330511237 0.8529369458576735 0.7574844298478203
17.834834834834837 0.6952685637312678 0.8760604059242533 0.8549736001907127 0.7593523331797445
17.84084084084084 0.6950345059754249 0.8780223517248172 0.8569028716827161 0.7611236406734347
17.846846846846848 0.6948006057546693 0.8796316053129835 0.8584868233340478 0.7625836519568215
17.852852852852852 0.6945668629100085 0.8812394992388888 0.8600694871754687 0.764042680716289
17.85885885885886 0.6943332772826636 0.8828460266219158 0.861650856357958 0.7655007203583262
17.864864864864863 0.6940998487140696 0.8844511806502965 0.8632309240993877 0.766957764347381
17.87087087087087 0.6938665770458747 0.8860549545791165 0.8648096836826189 0.7684138062043188
17.876876876876878 0.6936334621199395 0.8876573417309526 0.866387128456083 0.769868839506758
17.882882882882882 0.6934005037783376 0.889258335495159 0.8679632518331212 0.7713228578886162
17.88888888888889 0.693167701863354 0.890857929327445 0.8695380472915857 0.7727758550398016
17.894894894894897 0.6929350562174861 0.8924561167495382 0.8711115083735077 0.7742278247058899
17.9009009009009 0.6927025666834423 0.8940528913487066 0.8726836286846227 0.7756787606876503
17.906906906906908 0.6924702331041421 0.8956482467775744 0.8742544018942083 0.7771286568409705
17.912912912912912 0.6922380553227159 0.8972421767535255 0.8758238217345206 0.7785775070764201
17.91891891891892 0.6920060331825038 0.8988346750578812 0.8773918819999977 0.7800253053585671
17.924924924924923 0.6917741665270565 0.9004257355366663 0.878958576547999 0.7814720457065768
17.93093093093093 0.6915424552001339 0.9020153520988364 0.8805238992970645 0.7829177221926306
17.936936936936938 0.6913108990457056 0.9036035187170814 0.8820878442277429 0.7843623289428413
17.942942942942942 0.6910794979079498 0.905190229426499 0.8836504053812981 0.785805860136122
17.94894894894895 0.6908482516312532 0.9067754783246968 0.8852115768598086 0.7872483100042728
17.954954954954957 0.6906171600602107 0.9083592595712896 0.8867713528256549 0.7886896728314347
17.96096096096096 0.6903862230396255 0.9099415673880911 0.8883297275017358 0.7901299429544084
17.966966966966968 0.6901554404145077 0.9115223960573383 0.8898866951697635 0.7915691147612883
17.972972972972972 0.6899248120300753 0.9128864775975323 0.8912313503352985 0.7928165161231676
17.97897897897898 0.689694337731752 0.9141616042562811 0.8924888842337645 0.7939852822730713
17.984984984984983 0.6894640173651696 0.9154350546409371 0.8937448047091973 0.7951527095846211
17.99099099099099 0.6892338507761643 0.9167068284559939 0.8949991113563383 0.7963187972398242
17.996996996996998 0.6890038378107791 0.9179769254271346 0.896251803790844 0.7974835444400168
18.003003003003002 0.6887739783152628 0.9192453452999998 0.8975028816480483 0.7986469504046294
18.00900900900901 0.688544272136068 0.9205120878410556 0.898752344583796 0.7998090143718813
18.015015015015017 0.6883147191198532 0.9217771528375012 0.9000001922743636 0.8009697355987824
18.02102102102102 0.688085319113481 0.9230405400961418 0.9012464244154194 0.802129113360487
18.027027027027028 0.687856071964018 0.9243022494438228 0.902491040722414 0.8032871469505242
18.033033033033032 0.6876269775187344 0.9255622807275445 0.9037340409306484 0.8044438356806726
18.03903903903904 0.687398035625104 0.9268206338141671 0.9049754247950033 0.8055991788808116
18.045045045045043 0.6871692461308038 0.9280773085898641 0.9062151920894531 0.8067531758987152
18.05105105105105 0.6869406088837132 0.9293323049600348 0.9074533426069799 0.8079058260999951
18.057057057057058 0.6867121237319141 0.930585622849391 0.9086898761596234 0.8090571288680047
18.063063063063062 0.6864837905236908 0.9318372622019426 0.9099247925784479 0.8102070836037251
18.06906906906907 0.6862556091075286 0.9330872229808063 0.9111580917133766 0.8113556897257282
18.075075075075077 0.6860275793321149 0.9343355051676031 0.9123897734326593 0.8125029466699545
18.08108108108108 0.6857997010463378 0.9355821087624877 0.9136198376228767 0.8136488538896228
18.087087087087088 0.685571974099286 0.9368270337841437 0.9148482841888823 0.8147934108549469
18.093093093093092 0.685344398340249 0.9380702802700259 0.9160751130540459 0.8159366170533908
18.0990990990991 0.6851169736187158 0.9393118482755407 0.9173003241595085 0.8170784719892543
18.105105105105103 0.6848896997843755 0.9403823384302208 0.9183578765137917 0.8180685531690924
18.11111111111111 0.6846625766871166 0.9414270232033297 0.9193901556129387 0.8190358246300925
18.117117117117118 0.6844356041770263 0.9424701146996941 0.9204208929907589 0.8200017833546137
18.123123123123122 0.6842087821043911 0.9435116144086828 0.9214500900104475 0.8209664301970385
18.12912912912913 0.6839821103196951 0.944551523824797 0.9224777480405418 0.8219297660179257
18.135135135135137 0.6837555886736213 0.9455898444480626 0.9235038684552684 0.8228917916841744
18.14114114114114 0.6835292170170502 0.9466265777840134 0.9245284526344542 0.823852508068618
18.147147147147148 0.683302995201059 0.9476617253439651 0.9255515019638038 0.8248119160503065
18.153153153153152 0.6830769230769231 0.9486952886444544 0.9265730178344228 0.8257700165143905
18.15915915915916 0.6828510004961137 0.949727269206699 0.9275930016423168 0.8267268103517961
18.165165165165163 0.6826252273102993 0.9507576685574373 0.9286114547891393 0.8276822984595691
18.17117117117117 0.6823996033713435 0.9517864882287568 0.9296283786819782 0.8286364817404723
18.177177177177178 0.6821741285313068 0.9528137297580225 0.9306437747333272 0.8295893611031397
18.183183183183182 0.6819488026424443 0.953839394687174 0.9316576443604848 0.8305409374619147
18.18918918918919 0.6817236255572066 0.9548634845630357 0.9326699889858207 0.8314912117369319
18.195195195195197 0.6814985971282389 0.9558860009372198 0.933680810036611 0.8324401848536346
18.2012012012012 0.6812737172083815 0.9569069453667793 0.9346901089456476 0.8333878577431775
18.207207207207208 0.681048985650668 0.9579263194138945 0.9356978871510172 0.8343342313425959
18.213213213213212 0.6808244023083265 0.9589441246443935 0.9367041460947305 0.8352793065939075
18.21921921921922 0.6805999670347783 0.9599603626286386 0.9377088872234969 0.836223084444389
18.225225225225223 0.6803756796836382 0.9609750349425992 0.9387121119896665 0.8371655658469409
18.23123123123123 0.6801515401087135 0.961988143166627 0.9397138218501254 0.8381067517594624
18.237237237237238 0.6799275481640045 0.962883711093881 0.94060029649566 0.838943447244653
18.243243243243242 0.6797037037037037 0.9637316940042409 0.9414401257822935 0.8397378747327224
18.24924924924925 0.6794800065821952 0.9645782274515612 0.9422785469940844 0.8405310810509817
18.255255255255257 0.6792564566540549 0.965423313683658 0.9431155622584803 0.8413230678271083
18.26126126126126 0.6790330537740503 0.9662669549468748 0.9439511737017263 0.8421138366885479
18.26726726726727 0.6788097977971396 0.9671091534846191 0.9447853834475979 0.8429033892620497
18.273273273273272 0.6785866885784717 0.9679499115382029 0.9456181936181082 0.8436917271738194
18.27927927927928 0.6783637259733859 0.9687892313474032 0.9464496063339364 0.8444788520493427
18.285285285285283 0.6781409098374118 0.9696271151506421 0.9472796237146136 0.8452647655135774
18.29129129129129 0.6779182400262682 0.9704635651838579 0.9481082478775922 0.8460494691908634
18.2972972972973 0.677695716395864 0.9712985836803685 0.9489354809381367 0.846832964704967
18.303303303303302 0.677473338802297 0.9721321728715239 0.9497613250097775 0.8476152536786903
18.30930930930931 0.6772511071018533 0.972964334987314 0.9505857822048771 0.8483963377341861
18.315315315315317 0.6770290211510083 0.9737950722559601 0.9514088546342946 0.8491762184929439
18.32132132132132 0.6768070808064252 0.974624386903273 0.9522305444069259 0.8499548975761048
18.32732732732733 0.6765852859249549 0.9754522811519758 0.9530508536289732 0.8507323766035265
18.333333333333332 0.6763636363636364 0.9762787572233127 0.9538697844053615 0.851508657194363
18.33933933933934 0.6761421319796954 0.9771038173373369 0.9546873388399768 0.8522837409671057
18.345345345345343 0.6759207726305451 0.9779274637114805 0.9555035190344532 0.8530576295393121
18.35135135135135 0.675699558173785 0.9787496985607973 0.9563183270884681 0.853830324528165
18.35735735735736 0.675478488467201 0.9795705240971251 0.957131765098827 0.8546018275492271
18.363363363363362 0.6752575633687654 0.980389942530617 0.9579438351608452 0.8553721402171368
18.36936936936937 0.6750367827366356 0.9812079560702281 0.9587545393687948 0.8561412641458536
18.375375375375377 0.674816146429155 0.9820245669237853 0.9595638798161278 0.8569092009495695
18.38138138138138 0.6745956543048521 0.9828397772981524 0.9603718585957952 0.8576759522437484
18.38738738738739 0.6743753062224399 0.9836535893984317 0.9611784777993693 0.8584415196440024
18.393393393393392 0.6741551020408163 0.9844660054270172 0.9619837395159315 0.859205904764281
18.3993993993994 0.6739350416190631 0.9852770275840549 0.9627876458324933 0.8599691092170747
18.405405405405403 0.6737151248164465 0.9860866580662893 0.9635901988331004 0.8607311346136126
18.41141141141141 0.6734953514924156 0.9868948990676463 0.9643914005994613 0.8614919825646755
18.41741741741742 0.6732757215066035 0.9877017527805116 0.9651912532119034 0.8622516546801614
18.423423423423422 0.6730562347188264 0.9885072213984597 0.9659897587518927 0.863010152570712
18.42942942942943 0.6728368909890826 0.9893113071123983 0.9667869192986223 0.8637674778462816
18.435435435435437 0.6726176901775532 0.9901140121094993 0.9675827369282594 0.864523632116838
18.44144144144144 0.6723986321446018 0.9909153385743728 0.9683772137148179 0.8652786169919513
18.44744744744745 0.6721797167507731 0.9917152886934018 0.9691703517339227 0.8660324340820043
18.453453453453452 0.6719609438567942 0.9925138646548636 0.9699621530630466 0.8667850849988707
18.45945945945946 0.6717423133235725 0.9933110686446577 0.9707526197780362 0.8675365713558854
18.465465465465464 0.6715238250121972 0.9941069028452183 0.9715417539522839 0.868286894768169
18.47147147147147 0.6713054787839375 0.9949013694422979 0.9723295576626536 0.8690360568548302
18.47747747747748 0.6710872745002437 0.9956944706341168 0.9731160329975765 0.8697840592425086
18.483483483483482 0.6708692120227457 0.9964862086266841 0.9739011820528709 0.8705309035635145
18.48948948948949 0.6706512912132532 0.9972765856136458 0.974685006913543 0.871276591446435
18.495495495495497 0.6704335119337554 0.9980656037544337 0.9754675096333364 0.8720211245019871
18.5015015015015 0.670215874046421 0.9988532651701786 0.9762486922295814 0.8727645043130899
18.50750750750751 0.6699983774135972 0.9996395719628881 0.9770285566994744 0.8735067324379885
18.513513513513512 0.6697810218978103 1.0004245262403724 0.9778071050430606 0.8742478104242218
18.51951951951952 0.6695638073617642 1.001208130127494 0.978584339275325 0.8749877398242184
18.525525525525524 0.6693467336683417 1.0019903857594685 0.9793602614220289 0.8757265222025081
18.53153153153153 0.6691298006806028 1.002771295271213 0.9801348735106055 0.8764641591338688
18.53753753753754 0.6689130082617851 1.0035508607934802 0.9809081775657756 0.8772006521969848
18.543543543543542 0.6686963562753037 1.0043290844566781 0.9816801756119983 0.8779360029708778
18.54954954954955 0.6684798445847498 1.005105968393366 0.9824508696754756 0.8786702130345851
18.555555555555557 0.6682634730538922 1.0058815147359477 0.9832202617824745 0.8794032839680944
18.56156156156156 0.6680472415466753 1.0066557256127278 0.9839883539559947 0.8801352173516597
18.56756756756757 0.6678311499272198 1.0074286031481121 0.9847551482157553 0.8808660147648493
18.573573573573572 0.6676151980598222 1.0082001494655446 0.9855206465805363 0.8815956777862697
18.57957957957958 0.6673993858089543 1.0089703666881114 0.9862848510686932 0.8823242079936943
18.585585585585584 0.6671837130392633 1.0097392569370374 0.9870477636970538 0.8830516069647761
18.59159159159159 0.666968179615571 1.0105068223292422 0.9878093864787608 0.8837778762762062
18.5975975975976 0.6667527854028742 1.0112730649783799 0.9885697214240755 0.8845030175034377
18.603603603603602 0.6665375302663439 1.0120379869973475 0.9893287705425198 0.88522703222112
18.60960960960961 0.6663224140713248 1.012801590497716 0.9900865358423926 0.8859499220028991
18.615615615615617 0.6661074366833359 1.013563877587887 0.9908430193292557 0.8866716884213581
18.62162162162162 0.6658925979680697 1.0143248503729088 0.9915982230058251 0.8873923330483171
18.62762762762763 0.6656778977913912 1.0150845109548927 0.9923521488721626 0.8881118574540714
18.633633633633632 0.6654633360193393 1.0158428614343393 0.9931047989267795 0.8888302632075031
18.63963963963964 0.6652489125181247 1.016599903910392 0.9938561751669951 0.8895475518768367
18.645645645645644 0.6650346271541311 1.0173556404790485 0.9946062795873836 0.8902637250290983
18.65165165165165 0.6648204797939141 1.0181100732324944 0.9953551141791703 0.89097878422978
18.65765765765766 0.6646064703042008 1.018863204260637 0.9961026809315452 0.8916927310431588
18.663663663663662 0.6643925985518907 1.0196150356517115 0.9968489818321229 0.8924055670321128
18.66966966966967 0.6641788644040534 1.0203655694918532 0.9975940188666518 0.8931172937584205
18.675675675675677 0.6639652677279304 1.0211148078638266 0.9983377940179068 0.893827912782414
18.68168168168168 0.663751808390934 1.0218627528473605 0.9990803092660083 0.8945374256632381
18.68768768768769 0.6635384862606459 1.0226094065197238 0.9998215665888178 0.8952458339584345
18.693693693693692 0.6633253012048194 1.0233547709563033 1.000561567962456 0.8959531392241445
18.6996996996997 0.6631122530913762 1.024098848230143 1.0013003153609572 0.89665934301526
18.705705705705704 0.6628993417884091 1.0248416404108929 1.0020378107553847 0.8973644468852686
18.71171171171171 0.6626865671641791 1.025583149565458 1.0027740561143756 0.8980684523864089
18.71771771771772 0.662473929087117 1.0263233777581025 1.0035090534041198 0.8987713610690928
18.723723723723722 0.662261427425822 1.027062327051214 1.0042428045891045 0.8994731744825541
18.72972972972973 0.6620490620490621 1.0277999995046596 1.0049753116315585 0.9001738941746861
18.735735735735737 0.6618368328257733 1.0285363971749129 1.0057065764907185 0.9008735216919233
18.74174174174174 0.6616247396250601 1.0292715221153552 1.0064366011230237 0.9015720585790113
18.74774774774775 0.661412782316194 1.0300053763777652 1.0071653874834974 0.9022695063799071
18.753753753753752 0.6612009607686149 1.0307379620111214 1.007892937524552 0.9029658666366029
18.75975975975976 0.6609892748519289 1.0314692810616737 1.0086192531961777 0.9036611408898378
18.765765765765767 0.6607777244359097 1.0321993355728343 1.0093443364458636 0.9043553306791858
18.77177177177177 0.6605663093904975 1.032928127584918 1.01006818921831 0.9050484375426546
18.77777777777778 0.6603550295857987 1.0336556591358934 1.010790813456044 0.9057404630167355
18.783783783783782 0.6601438848920863 1.0343819322616596 1.011512211099728 0.9064314086368427
18.78978978978979 0.6599328751797986 1.035066401907514 1.0121925710266964 0.9070849355677387
18.795795795795797 0.6597220003195398 1.0357339463111652 1.0128563196942495 0.9077233338856202
18.8018018018018 0.6595112601820795 1.0364002691885728 1.0135188762602736 0.9083606766959316
18.80780780780781 0.6593006546383522 1.0370653727733423 1.0141802428649025 0.9089969657371497
18.813813813813812 0.6590901835594573 1.037729259294665 1.014840421644124 0.9096322027447569
18.81981981981982 0.6588798468166587 1.0383919309776581 1.015499414730165 0.9102663894518406
18.825825825825827 0.6586696442813845 1.0390533900421541 1.0161572242503478 0.9108995275882716
18.83183183183183 0.6584595758252273 1.039713638703765 1.0168138523280548 0.9115316188812462
18.83783783783784 0.6582496413199426 1.0403726791740011 1.0174693010827842 0.9121626650550754
18.843843843843842 0.6580398406374502 1.0410305136598639 1.0181235726298068 0.9127926678310988
18.84984984984985 0.6578301736498327 1.0416871443640445 1.0187766690804014 0.9134216289281062
18.855855855855857 0.6576206402293359 1.0423425734843919 1.019428592541349 0.914049550061945
18.86186186186186 0.6574112402483681 1.0429968032144545 1.02007934511541 0.9146764329457217
18.86786786786787 0.6572019735795003 1.0436498357432455 1.0207289289010517 0.9153022792893665
18.873873873873872 0.6569928400954654 1.0443016732565356 1.0213773459937354 0.9159270908008877
18.87987987987988 0.6567838396691585 1.0449523179346607 1.0220245984838379 0.9165508691847964
18.885885885885887 0.6565749721736365 1.0456017719534518 1.0226706884575585 0.9171736161429244
18.89189189189189 0.6563662374821173 1.0462500374846095 1.02331561799723 0.9177953333744469
18.8978978978979 0.6561576354679802 1.0468971166957937 1.0239593891813716 0.9184160225757605
18.903903903903903 0.6559491660047657 1.047543011749906 1.024602004084034 0.9190356854400945
18.90990990990991 0.6557408289661744 1.048187724806217 1.0252434647759312 0.919654323658659
18.915915915915917 0.6555326242260675 1.0488312580187622 1.0258837733228774 0.9202719389192717
18.92192192192192 0.6553245516584669 1.0494736135375629 1.0265229317869247 0.9208885329071177
18.92792792792793 0.6551166111375535 1.0501147935084316 1.0271609422261643 0.9215041073045233
18.933933933933933 0.6549088025376686 1.050754800072823 1.0277978066945936 0.9221186637908774
18.93993993993994 0.6547011257333122 1.0513936353679885 1.0284335272423115 0.9227322040430012
18.945945945945947 0.6544935805991441 1.0520313015267155 1.0290681059152638 0.9233447297349088
18.95195195195195 0.6542861670099825 1.0526678006773718 1.0297015447552393 0.9239562425375901
18.95795795795796 0.6540788848408047 1.053303134944296 1.0303338458002382 0.9245667441192529
18.963963963963963 0.6538717339667458 1.0539373064476023 1.0309650110842952 0.9251762361452347
18.96996996996997 0.6536647142630996 1.0545703173029355 1.0315950426372835 0.9257847202779936
18.975975975975977 0.6534578256053172 1.0552021696217901 1.0322239424852233 0.9263921981773621
18.98198198198198 0.6532510678690081 1.0558328655111608 1.0328517126498926 0.9269986714999819
18.98798798798799 0.6530444409299383 1.0564624070739832 1.033478355149252 0.9276041418996298
18.993993993993993 0.6528379446640317 1.0570907964092187 1.0341038719975466 0.9282086110273736
19.0 0.6526315789473683 1.057718035611266 1.0347282652047582 0.9288120805311975
19.006006006006004 0.6524253436561859 1.0583441267703269 1.0353515367769588 0.9294145520562914
19.01201201201201 0.6522192386668773 1.0589690719723204 1.0359736887161977 0.930016027244803
19.01801801801802 0.6520132638559923 1.0595928732991466 1.0365947230207382 0.9306165077359365
19.024024024024023 0.6518074191002368 1.060215532828432 1.0372146416848398 0.9312159951658727
19.03003003003003 0.6516017042764716 1.0608370526337902 1.0378334466990256 0.9318144911680528
19.036036036036037 0.6513961192617131 1.061457434784221 1.0384511400494965 0.932411997372652
19.04204204204204 0.6511906639331336 1.062076681344773 1.0390677237187531 0.9330085154070012
19.04804804804805 0.6509853381680593 1.0626947943763012 1.0396831996853413 0.9336040468952731
19.054054054054056 0.6507801418439715 1.0633117759355468 1.0402975699239536 0.9341985934586512
19.06006006006006 0.6505750748385064 1.0639276280753813 1.0409108364056827 0.9347921567156273
19.066066066066064 0.6503701370294536 1.064542352844012 1.041523001097242 0.9353847382812693
19.07207207207207 0.6501653282947567 1.0651559522854845 1.0421340659614384 0.9359763397675548
19.07807807807808 0.6499606485125137 1.0657684284400544 1.04274403295752 0.9365669627835999
19.084084084084083 0.6497560975609756 1.0663797833439252 1.0433529040409368 0.9371566089355173
19.09009009009009 0.6495516753185464 1.0669900190288 1.043960681162919 0.9377452798261027
19.096096096096097 0.6493473816637836 1.0675991375223088 1.0445673662708879 0.938332977055187
19.1021021021021 0.649143216475397 1.0682071408484095 1.0451729613088314 0.9389197022198874
19.10810810810811 0.6489391796322489 1.0688140310265621 1.0457774682165 0.9395054569139012
19.114114114114116 0.6487352710133542 1.0694198100722865 1.0463808889299395 0.9400902427279325
19.12012012012012 0.6485314904978797 1.0700244799969107 1.04698322538127 0.9406740612496094
19.126126126126124 0.6483278379651437 1.0706280428077524 1.0475844794988727 0.9412569140636976
19.13213213213213 0.6481243132946163 1.0712305005080336 1.0481846532072767 0.9418388027518868
19.13813813813814 0.6479209163659186 1.0718318550969057 1.0487837484271698 0.9424197288927558
19.144144144144143 0.6477176470588236 1.0724321085697721 1.0493817670757488 0.9429996940622399
19.15015015015015 0.6475145052532538 1.0730312629174745 1.0499787110659098 0.9435786998328742
19.156156156156158 0.6473114908292835 1.0736293201271399 1.0505745823070802 0.9441567477745716
19.16216216216216 0.6471086036671369 1.0742262821818427 1.0511693827048831 0.9447338394543126
19.16816816816817 0.6469058436471877 1.074822151060462 1.0517631141609927 0.9453099764360071
19.174174174174176 0.6467032106499607 1.075416928738136 1.05235577857358 0.9458851602809357
19.18018018018018 0.6465007045561296 1.0760106171858048 1.0529473778368594 0.9464593925473352
19.186186186186184 0.6462983252465175 1.0766032183703726 1.0535379138412768 0.9470326747907116
19.19219219219219 0.6460960726020967 1.0771947342548742 1.0541273884736502 0.9476050085638998
19.1981981981982 0.6458939465039887 1.07778516679846 1.05471580361712 0.9481763954169088
19.204204204204203 0.6456919468334636 1.078374517955974 1.055303161150804 0.948746836896881
19.21021021021021 0.64549007347194 1.0789627896784522 1.0558894629502362 0.9493163345483402
19.216216216216218 0.6452883263009844 1.079549983912975 1.0564747108872505 0.949884889913196
19.22222222222222 0.6450867052023121 1.0801361026030727 1.0570589068303249 0.950452504530889
19.22822822822823 0.6448852100577853 1.0807211476875556 1.0576420526435157 0.9510191799377524
19.234234234234236 0.6446838407494144 1.081305121101797 1.0582241501876515 0.951584917667859
19.24024024024024 0.644482597159357 1.0818880247770926 1.0588052013197224 0.9521497192525573
19.246246246246244 0.6442814791699174 1.0824698606409184 1.059385207893132 0.952713586220707
19.25225225225225 0.644080486663547 1.0830506306166854 1.0599641717574642 0.9532765200985096
19.25825825825826 0.6438796195228442 1.0836303366240772 1.060542094758805 0.9538385224097706
19.264264264264263 0.6436788776305534 1.0842089805786266 1.0611189787393305 0.9543995946755539
19.27027027027027 0.6434782608695653 1.084786564392155 1.0616948255377407 0.9549597384145873
19.276276276276278 0.6432777691229162 1.085363089972577 1.0622696369890496 0.9555189551430079
19.28228228228228 0.6430774022737892 1.0859385592238502 1.062843414924549 0.956077246374378
19.28828828828829 0.6428771602055114 1.0865129740461934 1.0634161611720288 0.9566346136199232
19.294294294294296 0.6426770428015564 1.0870863363359258 1.0639878775556155 0.957191058388358
19.3003003003003 0.6424770499455422 1.0876586479854116 1.0645585658957106 0.9577465821858012
19.306306306306304 0.642277181521232 1.0882299108831983 1.0651282280091139 0.9583011865158321
19.31231231231231 0.6420774374125331 1.0888001269140841 1.0656968657091064 0.9588548728796263
19.31831831831832 0.6418778175034975 1.0893692979589769 1.0662644808053132 0.9594076427758426
19.324324324324323 0.6416783216783217 1.089937425894917 1.0668310751037278 0.9599594977006292
19.33033033033033 0.6414789498213453 1.090504512595124 1.0673966504067431 0.9605104391475899
19.336336336336338 0.6412797018170523 1.091070559928597 1.0679612085127603 0.9610604686074169
19.34234234234234 0.6410805775500699 1.0916355697617615 1.0685247512178029 0.9616095875693411
19.34834834834835 0.6408815769051683 1.092199543956128 1.069087280313233 0.9621577975190996
19.354354354354356 0.6406826997672613 1.0927624843698878 1.0696487975873064 0.9627050999403054
19.36036036036036 0.6404839460214053 1.09332439285716 1.0702093048244439 0.9632514963138079
19.366366366366368 0.6402853155527988 1.0938852712683627 1.0707688038055851 0.9637969881179603
19.37237237237237 0.6400868082467834 1.0944451214503528 1.0713272963083034 0.964341576828605
19.37837837837838 0.6398884239888424 1.095031420158107 1.0719117915692036 0.9649100688967043
19.384384384384383 0.6396901626646011 1.095617227959713 1.0724958090307788 0.9654781455061369
19.39039039039039 0.6394920241598265 1.0962019497032098 1.073078763632305 0.9660452691659608
19.396396396396398 0.6392940083604272 1.0967855874272703 1.0736606573372405 0.9666114415119054
19.4024024024024 0.6390961151524531 1.0973681431656834 1.0742414921044146 0.967176664176129
19.40840840840841 0.6388983444220949 1.0979496189479883 1.0748212698886537 0.9677409387878079
19.414414414414416 0.6387006960556844 1.0985300167988952 1.0753999926402271 0.9683042669726781
19.42042042042042 0.6385031699396938 1.0991093387386497 1.0759776623051844 0.9688666503532462
19.426426426426428 0.6383057659607357 1.0996875867832392 1.0765542808255477 0.9694280905489108
19.43243243243243 0.6381084840055633 1.100264762943919 1.0771298501388475 0.9699885891755321
19.43843843843844 0.637911323961069 1.1008408692276657 1.07770437217858 0.9705481478458918
19.444444444444443 0.6377142857142858 1.1014159076369598 1.0782778488739937 0.971106768169506
19.45045045045045 0.6375173691523853 1.1019898801697388 1.0788502821500405 0.9716644517525601
19.456456456456458 0.6373205741626794 1.1025627888195586 1.0794216739275426 0.9722212001980808
19.46246246246246 0.6371239006326185 1.1031346355754226 1.0799920261230012 0.9727770151056618
19.46846846846847 0.6369273484497917 1.103705422422063 1.0805613406488597 0.9733318980716279
19.474474474474476 0.6367309175019275 1.104275151339951 1.0811296194135376 0.973885850689178
19.48048048048048 0.6365346076768922 1.1048438243047856 1.0816968643209615 0.9744388745480967
19.486486486486488 0.6363384188626907 1.1054114432876503 1.0822630772707 0.9749909712348003
19.49249249249249 0.6361423509474657 1.1059780102556194 1.0828282601584946 0.9755421423325253
19.4984984984985 0.635946403819498 1.1065435271713262 1.0833924148758394 0.9760923894209661
19.504504504504503 0.6357505773672055 1.1071079959921537 1.0839555433092638 0.9766417140759681
19.51051051051051 0.6355548714791442 1.107671418670159 1.0845176473402913 0.9771901178696148
19.516516516516518 0.6353592860440067 1.1082337971527907 1.0850787288460453 0.97773760237034
19.52252252252252 0.6351638209506231 1.1087951333847597 1.0856387897009747 0.9782841691439993
19.52852852852853 0.6349684760879594 1.1093554293086354 1.0861978317775107 0.9788298197547989
19.534534534534536 0.634773251345119 1.1099146868633318 1.086755856944745 0.9793745557648603
19.54054054054054 0.6345781466113416 1.1104729079830107 1.087312867067423 0.9799183787336283
19.546546546546548 0.6343831617760024 1.1110300945964973 1.08786886400527 0.980461290216811
19.55255255255255 0.6341882967286131 1.1115862486279227 1.0884238496134624 0.9810032917660798
19.55855855855856 0.6339935513588207 1.112141371997516 1.0889778257434057 0.9815443849297653
19.564564564564563 0.6337989255564083 1.112695466621331 1.0895307942425625 0.9820845712531401
19.57057057057057 0.6336044192112935 1.1132485344106517 1.0900827569538998 0.9826238522780693
19.576576576576578 0.6334100322135297 1.1138005772723771 1.0906337157162402 0.9831622295432251
19.58258258258258 0.6332157644533046 1.1143515971094429 1.091183672364639 0.9836997045842645
19.58858858858859 0.6330216158209413 1.1149015958208328 1.0917326287303877 0.9842362789338029
19.594594594594597 0.6328275862068965 1.1154505753012154 1.0922805866406866 0.9847719541212613
19.6006006006006 0.6326336755017619 1.1159985374408015 1.0928275479185103 0.9853067316727742
19.606606606606608 0.6324398835962628 1.1165454841257159 1.093373514382988 0.9858406131116071
19.61261261261261 0.6322462103812586 1.1170914172378337 1.093918487849233 0.9863735999579776
19.61861861861862 0.6320526557477422 1.1176363386549297 1.0944624701284504 0.986905693728973
19.624624624624623 0.6318592195868401 1.1181802502507971 1.0950054630280481 0.9874368959386386
19.63063063063063 0.6316659017898119 1.1187231538952012 1.0955474683516113 0.9879672080980404
19.636636636636638 0.6314727022480502 1.1192650514537539 1.0960884878988342 0.9884966317154533
19.64264264264264 0.6312796208530805 1.1198059447872875 1.0966285234648838 0.9890251682957057
19.64864864864865 0.6310866574965612 1.1203458357529636 1.0971675768414413 0.9895528193409193
19.654654654654657 0.6308938120702826 1.1208847262041264 1.0977056498165279 0.9900795863502178
19.66066066066066 0.6307010844661677 1.1214226179901403 1.0982427441743827 0.9906054708197836
19.666666666666668 0.6305084745762711 1.1219595129559372 1.098778861695082 0.9911304742427827
19.67267267267267 0.6303159822927797 1.1224954129420874 1.0993140041545812 0.9916545981093025
19.67867867867868 0.6301236075080116 1.1230303197855582 1.0998481733254304 0.9921778439068648
19.684684684684683 0.6299313501144166 1.1235642353193283 1.1003813709763428 0.9927002131197961
19.69069069069069 0.6297392100045752 1.1240971613722286 1.1009135988720824 0.9932217072293121
19.696696696696698 0.6295471870711998 1.1246290997693182 1.1014448587738603 0.9937423277140118
19.7027027027027 0.629355281207133 1.1251600523311895 1.1019751524386834 0.9942620760494234
19.70870870870871 0.6291634923053481 1.1256900208742737 1.1025044816196172 0.9947809537080736
19.714714714714717 0.6289718202589489 1.1262190072114773 1.103032848066356 0.9952989621597611
19.72072072072072 0.6287802649611695 1.1267470131514834 1.1035602535245443 0.9958161028709522
19.726726726726728 0.6285888263053737 1.127274040500124 1.1040866997371526 0.9963323773061598
19.73273273273273 0.6283975041850556 1.1278000910579542 1.104612188442149 0.9968477869260682
19.73873873873874 0.6282062984938385 1.1283251666212337 1.1051367213734626 0.9973623331883998
19.744744744744743 0.6280152091254753 1.1288492689833751 1.1056603002623189 0.9978760175487583
19.75075075075075 0.6278242359738483 1.1293723999332324 1.106182926835547 0.9983888414590077
19.756756756756758 0.6276333789329684 1.1298945612566142 1.1067046028170837 0.9989008063687216
19.762762762762762 0.6274426378969762 1.1304157547347282 1.1072253299265244 0.9994119137242058
19.76876876876877 0.6272520127601398 1.1309359821446543 1.1077451098796003 0.9999221649690019
19.774774774774777 0.6270615034168564 1.1314552452595186 1.1082639443882758 1.0004315615436477
19.78078078078078 0.6268711097616517 1.131973545848855 1.10878183516106 1.0009401048857587
19.786786786786788 0.6266808316891789 1.132490885679241 1.1092987839036275 1.0014477964305708
19.792792792792792 0.6264906690942194 1.1330072665126594 1.1098147923172919 1.0019546376099167
19.7987987987988 0.626300621871682 1.1335226901068383 1.1103298620993889 1.0024606298527867
19.804804804804803 0.6261106899166035 1.1340371582155153 1.1108439949434914 1.002965774585342
19.81081081081081 0.6259208731241473 1.134550672589043 1.11135719253992 1.0034700732310073
19.816816816816818 0.6257311713896044 1.1350632349742897 1.1118694565756266 1.003973527210283
19.822822822822822 0.6255415846083927 1.1355748471144338 1.1123807887340484 1.0044761379408604
19.82882882882883 0.6253521126760563 1.1360855107482244 1.1128911906944479 1.0049779068373403
19.834834834834837 0.6251627554882664 1.1365952276108982 1.1134006641328333 1.0054788353121602
19.84084084084084 0.6249735129408204 1.1371039994331655 1.1139092107208748 1.0059789247742061
19.846846846846848 0.6247843849296413 1.1376118279429277 1.1144168321275216 1.0064781766299655
19.852852852852852 0.624595371350779 1.138118714864668 1.1149235300184248 1.0069765922830893
19.85885885885886 0.6244064721004082 1.1386246619188363 1.1154293060554439 1.007474173134456
19.864864864864863 0.6242176870748299 1.139129670821424 1.1159341618962753 1.0079709205820613
19.87087087087087 0.62402901617047 1.1396337432843755 1.1164380991947864 1.0084668360210487
19.876876876876878 0.6238404592838798 1.140136881016804 1.116941119602104 1.0089619208442198
19.882882882882882 0.6236520163117354 1.1406390857248168 1.1174432247664081 1.0094561764416932
19.88888888888889 0.623463687150838 1.1411403591105334 1.1179444163320742 1.0099496042005727
19.894894894894897 0.6232754716981131 1.1416407028715934 1.1184446959393066 1.0104422055051383
19.9009009009009 0.6230873698506112 1.14214011870188 1.1189440652248357 1.0109339817374372
19.906906906906908 0.6228993815055061 1.1426386082913655 1.1194425258216334 1.01142493427644
19.912912912912912 0.6227115065600966 1.143136173327637 1.119940079360309 1.0119150644988677
19.91891891891892 0.6225237449118046 1.1436328154951203 1.1204367274683973 1.0124043737787836
19.924924924924923 0.6223360964581764 1.1441285364744231 1.1209324717698577 1.0128928634878025
19.93093093093093 0.6221485610968811 1.1446233379408361 1.1214273138837016 1.013380534994298
19.936936936936938 0.6219611387257116 1.145117221566453 1.1219212554259483 1.0138673896646093
19.942942942942942 0.621773829242584 1.1456101890204955 1.122414298009787 1.0143534288624525
19.94894894894895 0.6215866325455366 1.1461022419702078 1.1229064432464113 1.014838653949444
19.954954954954957 0.6213995485327313 1.1465933820795935 1.1233976927439446 1.0153230662848678
19.96096096096096 0.6212125771024521 1.1470836110073512 1.1238880481056155 1.0158066672249564
19.966966966966968 0.6210257181531057 1.1475729304082805 1.1243775109311116 1.016289458124071
19.972972972972972 0.6208389715832205 1.148061341934703 1.1248660828177195 1.0167714403346264
19.97897897897898 0.6206523372914474 1.148548847238456 1.1253537653620902 1.0172526152078016
19.984984984984983 0.620465815176559 1.149035447969962 1.12584056015944 1.0177329840932665
19.99099099099099 0.6202794051374493 1.1495211457760883 1.1263264688018455 1.0182125483393507
19.996996996996998 0.620093107073134 1.1500059422999864 1.1268114928783242 1.0186913092941627
20.003003003003002 0.6199069208827503 1.1505331830908188 1.127338288074738 1.0192086291283116
20.00900900900901 0.619720846465556 1.1510627304672378 1.1278673563236226 1.0197280628389176
20.015015015015017 0.6195348837209302 1.1515912993964361 1.1283954648714563 1.020246627262642
20.02102102102102 0.6193490325483726 1.1521188917607992 1.1289226155376768 1.020764323939355
20.027027027027028 0.6191632928475034 1.1526455094368042 1.1294488101367341 1.0212811544082243
20.033033033033032 0.6189776645180632 1.1531711542804879 1.129974050464655 1.0217971201993519
20.03903903903904 0.6187921474599131 1.1536958281206315 1.1304983382922684 1.0223122228272556
20.045045045045043 0.6186067415730337 1.1542195327609968 1.131021675366302 1.0228264637867739
20.05105105105105 0.6184214467575259 1.1547422699919818 1.131544063419434 1.0233398445556756
20.057057057057058 0.6182362629136098 1.155264041601197 1.1320655041799519 1.0238523665999144
20.063063063063062 0.6180511899416256 1.1557848493778864 1.1325859993764738 1.0243640313794873
20.06906906906907 0.617866227742032 1.156304695111683 1.1331055507377479 1.0248748403529293
20.075075075075077 0.6176813762154075 1.1568235805885598 1.1336241599895431 1.0253847949786137
20.08108108108108 0.6174966352624496 1.1573415075892772 1.1341418288532663 1.0258938967143467
20.087087087087088 0.6173120047839736 1.1578584778915937 1.1346585590477054 1.026402147017163
20.093093093093092 0.6171274846809147 1.1583744932707587 1.135174352289083 1.0269095473413856
20.0990990990991 0.6169430748543253 1.1588895555006073 1.1356892102920733 1.0274160991392016
20.105105105105103 0.6167587752053771 1.1594036663516605 1.1362031347682229 1.0279218038604168
20.11111111111111 0.616574585635359 1.1599168275897624 1.1367161274248636 1.0284266629525545
20.117117117117118 0.6163905060456785 1.1604290409760012 1.137228189965001 1.028930677860635
20.123123123123122 0.61620653633786 1.1609403082681011 1.1377393240884297 1.0294338500270945
20.12912912912913 0.6160226764135461 1.161450631221446 1.138249531492583 1.0299361808918737
20.135135135135137 0.6158389261744965 1.1619600115877888 1.138758813871315 1.030437671891561
20.14114114114114 0.6156552855225883 1.162468451115456 1.1392671729152841 1.0309383244605592
20.147147147147148 0.6154717543598152 1.1629759515477072 1.139774610310443 1.0314381400301562
20.153153153153152 0.615288332588288 1.163482514623782 1.1402811277390015 1.0319371200290774
20.15915915915916 0.6151050201102338 1.1639881420793574 1.140786726879709 1.0324352658829454
20.165165165165163 0.6149218168279971 1.1644928356472624 1.1412914094085103 1.0329325790146575
20.17117117117117 0.6147387226440375 1.1649965970570573 1.1417951769982162 1.033429060844467
20.177177177177178 0.6145557374609316 1.1654994280335778 1.1422980313172113 1.033924712789466
20.183183183183182 0.6143728611813718 1.1660013302972176 1.1427999740297288 1.0344195362638597
20.18918918918919 0.6141900937081659 1.1665023055648545 1.1433010067966491 1.0349135326792167
20.195195195195197 0.6140074349442378 1.1670023555498263 1.1438011312754075 1.0354067034440173
20.2012012012012 0.6138248847926268 1.16750148196236 1.1443003491204085 1.0358990499639804
20.207207207207208 0.6136424431564869 1.1679996865086337 1.1447986619822104 1.0363905736417658
20.213213213213212 0.6134601099390878 1.1684969708904105 1.1452960715072158 1.0368812758769463
20.21921921921922 0.6132778850438141 1.1689933368061918 1.1457925793388284 1.0373711580671576
20.225225225225223 0.6130957683741649 1.1694887859497007 1.14628818711583 1.0378602216060582
20.23123123123123 0.6129137598337538 1.1699833200119254 1.1467828964743447 1.0383484678849284
20.237237237237238 0.6127318593263095 1.1704769406804802 1.147276709047205 1.038835898292068
20.243243243243242 0.6125500667556742 1.1709696496388644 1.147769626463381 1.0393225142129447
20.24924924924925 0.6123683820258045 1.1714614485661836 1.1482616503476957 1.0398083170299033
20.255255255255257 0.6121868050407709 1.171952339137789 1.1487527823214243 1.0402933081225716
20.26126126126126 0.6120053357047577 1.1724423230257592 1.1492430240026892 1.0407774888678658
20.26726726726727 0.6118239739220626 1.1729314018986188 1.149732377006153 1.0412608606395748
20.273273273273272 0.6116427195970967 1.1734195774214051 1.150220842943164 1.0417434248088397
20.27927927927928 0.6114615726343847 1.1739068512550082 1.1507084234211329 1.0422251827437286
20.285285285285283 0.611280532938564 1.1743932250562878 1.1511951200436705 1.042706135809465
20.29129129129129 0.6110996004143852 1.1748787004782035 1.1516809344106707 1.0431862853683043
20.2972972972973 0.610918774966711 1.1753632791709765 1.152165868119376 1.043665632780162
20.303303303303302 0.6107380565005177 1.1758469627811492 1.1526499227634868 1.0441441794019353
20.30930930930931 0.610557444920893 1.1763297529512422 1.1531330999328537 1.0446219265873655
20.315315315315317 0.6103769401330376 1.1768116513200182 1.153615401213788 1.045098875687564
20.32132132132132 0.6101965420422639 1.177292659522365 1.1540968281889328 1.0455750280508362
20.32732732732733 0.6100162505539961 1.1777727791895882 1.1545773824375027 1.0460503850226923
20.333333333333332 0.6098360655737705 1.1782520119497 1.1550570655355243 1.0465249479458645
20.33933933933934 0.6096559870072346 1.1787303594274645 1.1555358790559078 1.0469987181604932
20.345345345345343 0.6094760147601477 1.1792078232430672 1.1560138245671847 1.047471697003188
20.35135135135135 0.6092961487383798 1.1796844050142705 1.156490903635647 1.0479438858090908
20.35735735735736 0.6091163888479126 1.1801601063538114 1.1569671178227714 1.0484152859094475
20.363363363363362 0.6089367349948385 1.1806349288715414 1.1574424686872775 1.0488858986332865
20.36936936936937 0.6087571870853604 1.181108874173998 1.1579169577846833 1.0493557253069115
20.375375375375377 0.6085777450257921 1.18158194386399 1.1583905866669293 1.049824767253686
20.38138138138138 0.6083984087225578 1.1820541395408817 1.15886335688269 1.050293025794488
20.38738738738739 0.6082191780821917 1.1825254628000952 1.159335269976904 1.050760502247365
20.393393393393392 0.6080400530113386 1.1829959152334164 1.1598063274910457 1.0512271979276666
20.3993993993994 0.6078610334167525 1.1834654984293458 1.1602765309634278 1.0516931141481367
20.405405405405403 0.607682119205298 1.1839342139730589 1.160745881929163 1.0521582522188797
20.41141141141141 0.6075033102839488 1.1844020634461605 1.1612143819199425 1.0526226134472505
20.41741741741742 0.6073246065597881 1.1848690484268298 1.161682032464216 1.0530861991381921
20.423423423423422 0.6071460079400088 1.1853351704892239 1.1621488350866056 1.0535490105937069
20.42942942942943 0.6069675143319124 1.1858004312041983 1.1626147913085856 1.0540110491133563
20.435435435435437 0.6067891256429095 1.1862648321392184 1.1630799026483674 1.054472315994032
20.44144144144144 0.60661084178052 1.1867283748587198 1.1635441706212486 1.054932812530249
20.44744744744745 0.6064326626523718 1.187191060923248 1.1640075967388073 1.055392540013598
20.453453453453452 0.6062545881662018 1.1876528918898484 1.1644701825093013 1.0558514997331874
20.45945945945946 0.6060766182298547 1.1881138693120108 1.1649319294376081 1.056309692975567
20.465465465465464 0.605898752751284 1.1885739947399667 1.165392839025492 1.0567671210248633
20.47147147147147 0.6057209916385506 1.1890332697204056 1.1658529127713 1.0572237851623867
20.47747747747748 0.6055433347998239 1.1894916957968087 1.1663121521703061 1.057679686667008
20.483483483483482 0.6053657821433808 1.1899492745096087 1.1667705587148816 1.058134826815389
20.48948948948949 0.6051883335776052 1.1904060073950173 1.1672281338933725 1.0585892068810974
20.495495495495497 0.6050109890109889 1.1908618959861141 1.1676848791911505 1.0590428281354725
20.5015015015015 0.6048337483521312 1.1913169418125091 1.1681407960902577 1.0594956918472143
20.50750750750751 0.6046566115097378 1.1917711464007965 1.1685958860698429 1.0599477992827233
20.513513513513512 0.6044795783926219 1.192224511274194 1.1690501506058164 1.0603991517058249
20.51951951951952 0.6043026489097029 1.1926770379522313 1.1695035911705605 1.0608497503775873
20.525525525525524 0.6041258229700073 1.1931287279513825 1.1699562092335656 1.0612995965569656
20.53153153153153 0.6039491004826678 1.1935795827843807 1.1704080062607503 1.061748691500153
20.53753753753754 0.6037724813569235 1.194029603960843 1.1708589837150452 1.0621970364609894
20.543543543543542 0.6035959655021196 1.1944787929871497 1.1713091430562677 1.0626446326908037
20.54954954954955 0.6034195528277071 1.1949271513663782 1.171758485741072 1.063091481438441
20.555555555555557 0.6032432432432432 1.1953746805984344 1.1722070132230942 1.0635375839504644
20.56156156156156 0.6030670366583906 1.1958213821793717 1.1726547269522944 1.063982941470613
20.56756756756757 0.6028909329829172 1.1962672576022386 1.1731016283757676 1.0644275552404312
20.573573573573572 0.6027149321266968 1.1967123083571956 1.1735477189378511 1.06487142649934
20.57957957957958 0.6025390339997081 1.1971565359305563 1.1739930000791647 1.0653145564836686
20.585585585585584 0.602363238512035 1.1975999418057253 1.174437473237558 1.065756946427644
20.59159159159159 0.6021875455738661 1.1980425274627673 1.1748811398476955 1.066198597563051
20.5975975975976 0.602011955095495 1.1984842943783025 1.1753240013409587 1.0666395111191596
20.603603603603602 0.6018364669873197 1.1989252440257394 1.175766059145658 1.06707968832285
20.60960960960961 0.6016610811598426 1.1993653778755191 1.1762073146872585 1.067519130398741
20.615615615615617 0.6014857975236707 1.1998046973945324 1.176647769387818 1.067957838568728
20.62162162162162 0.6013106159895151 1.2002432040470066 1.1770874246668515 1.068395814052734
20.62762762762763 0.6011355364681904 1.2006808992932614 1.1775262819401326 1.0688330580677152
20.633633633633632 0.6009605588706156 1.201117784591028 1.177964342620984 1.0692695718288288
20.63963963963964 0.6007856831078131 1.2015538613944101 1.1784016081192479 1.0697053565484398
20.645645645645644 0.6006109090909091 1.201989131154287 1.1788380798416822 1.0701404134364862
20.65165165165165 0.6004362367311328 1.2024235953186475 1.1792737591922635 1.0705747437006334
20.65765765765766 0.6002616659398168 1.2028572553323624 1.1797086475719891 1.0710083485462096
20.663663663663662 0.600087196628397 1.2032901126369895 1.180142746378692 1.0714412291760564
20.66966966966967 0.599912828708412 1.2037640951170767 1.180617360216466 1.0719116811098497
20.675675675675677 0.5997385620915032 1.2042396959988346 1.1810935703027683 1.0723836237882822
20.68168168168168 0.5995643966894149 1.2047144277248936 1.1815689260538407 1.0728547851339836
20.68768768768769 0.5993903324139933 1.205188291884735 1.182043429010162 1.0733251664694743
20.693693693693692 0.5992163691771877 1.2056612900641517 1.182517080708691 1.0737947691145016
20.6996996996997 0.5990425068910489 1.2061334238455348 1.1829898826831473 1.0742635943862833
20.705705705705704 0.5988687454677303 1.2066046948072755 1.1834618364634164 1.074731643598937
20.71171171171171 0.5986950848194867 1.2070751045248036 1.1839329435765622 1.0751989180643535
20.71771771771772 0.598521524858675 1.2075446545696098 1.1844032055458615 1.0756654190912953
20.723723723723722 0.598348065497754 1.208013346509509 1.184872623891081 1.0761311479857198
20.72972972972973 0.5981747066492829 1.2084811819096752 1.1853412001294734 1.076596106051606
20.735735735735737 0.5980014482259232 1.2089481623308418 1.1858089357740271 1.0770602945894232
20.74174174174174 0.5978282901404373 1.209414289330459 1.1862758323345999 1.0775237148971468
20.74774774774775 0.5976552323056882 1.2098795644626374 1.1867418913178616 1.0779863682702018
20.753753753753752 0.5974822746346404 1.2103439892776746 1.187207114226832 1.0784482560010424
20.75975975975976 0.5973094170403588 1.2108075653229506 1.1876715025617324 1.0789093793798057
20.765765765765764 0.5971366594360087 1.2112702941420002 1.1881350578191023 1.0793697396936115
20.77177177177177 0.5969640017348562 1.2117321772749758 1.1885977814922484 1.0798293382269628
20.77777777777778 0.5967914438502673 1.2121932162586484 1.1890596750712628 1.0802881762618344
20.783783783783782 0.5966189856957087 1.2126534126260529 1.1895207400426642 1.080746255077295
20.78978978978979 0.5964466271847465 1.2131127679067966 1.1899809778896566 1.0812035759495433
20.795795795795797 0.596274368231047 1.2135712836278945 1.1904403900929745 1.0816601401527888
20.8018018018018 0.5961022087483759 1.2140289613114272 1.1908989781286026 1.0821159489572625
20.80780780780781 0.5959301486505989 1.2144858024750247 1.1913567434682995 1.0825710036299077
20.813813813813812 0.5957581878516809 1.2149418086322197 1.1918136875798835 1.0830253054343524
20.81981981981982 0.5955863262656859 1.2153969812934509 1.192269811928149 1.0834788556314283
20.825825825825824 0.5954145638067773 1.2158513219666645 1.1927251179754332 1.0839316554795688
20.83183183183183 0.5952429003892172 1.216304832158267 1.193179607182597 1.0843837062359234
20.83783783783784 0.595071335927367 1.216757513371433 1.1936332810074837 1.0848350091555121
20.843843843843842 0.5948998703356866 1.2172093671060074 1.1940861409048436 1.0852855654912636
20.84984984984985 0.594728503528734 1.2176603948585296 1.1945381883263082 1.0857353764937707
20.855855855855857 0.5945572354211662 1.2181105981214475 1.194989424719571 1.0861844434103092
20.86186186186186 0.5943860659277386 1.2185599783840935 1.195439851529313 1.0866327674855323
20.86786786786787 0.594214994963304 1.219008537132745 1.1958894701972784 1.0870803499616093
20.873873873873872 0.594044022442814 1.2194562758500447 1.1963382821617488 1.0875271920779517
20.87987987987988 0.5938731482813173 1.219903196015252 1.1967862888577667 1.0879732950713155
20.885885885885884 0.5937023723939612 1.2203492991041907 1.1972334917170755 1.0884186601757004
20.89189189189189 0.5935316946959897 1.2207945865893655 1.197679892168224 1.088863288622412
20.8978978978979 0.5933611151027446 1.2212390599409442 1.1981254916375559 1.0893071816410684
20.903903903903903 0.5931906335296653 1.2216827206245156 1.1985702915470058 1.089750340457587
20.90990990990991 0.5930202498922879 1.2221255701029314 1.199014293315898 1.0901927662957853
20.915915915915917 0.5928499641062455 1.2225676098357934 1.1994574983604378 1.0906344603768965
20.92192192192192 0.5926797760872685 1.2230088412793088 1.1998999080935768 1.0910754239194744
20.92792792792793 0.5925096857511838 1.223449265886566 1.2003415239252815 1.0915156581396463
20.933933933933936 0.5923396930139146 1.2238888851073721 1.2007823472623829 1.0919551642510161
20.93993993993994 0.5921697977914814 1.2243277003884527 1.2012223795087693 1.0923939434648156
20.945945945945944 0.5920000000000001 1.2247657131729648 1.2016616220648881 1.0928319969893792
20.95195195195195 0.591830299555683 1.225202924901381 1.2021000763286338 1.0932693260310287
20.95795795795796 0.5916606963748388 1.2256393370105896 1.2025377436944518 1.093705931793222
20.963963963963963 0.591491190373872 1.2260749509342923 1.202974625553755 1.0941418154770353
20.96996996996997 0.5913217814692825 1.2265097681030603 1.2034107232949443 1.0945769782810435
20.975975975975977 0.5911524695776664 1.2269437899443218 1.203846038303411 1.095011421401393
20.98198198198198 0.5909832546157149 1.227377017882333 1.2042805719615168 1.095445146031806
20.98798798798799 0.5908141365002146 1.2278094533384354 1.204714325648828 1.0958781533637405
20.993993993993996 0.5906451151480474 1.2282410977302909 1.205147300741381 1.0963104445857803
21.0 0.5904761904761905 1.2286719524729244 1.2055794986126906 1.0967420208844911
