# wavel(angs) energy(keV) xsect_ext(1.e-4) xsect_sca(1.e-4) xsect_abs(1.e-4)
15.0 0.8266666666666667 1.096973763029226 0.5056898946525881 0.591283868376638
15.006006006006006 0.8263358014808886 1.0975612380588065 0.5058410484404616 0.5917201896183447
15.012012012012011 0.8260052010402081 1.0981472512976824 0.5059917304536369 0.5921555208440454
15.018018018018019 0.8256748650269945 1.0987318062368014 0.5061419416762254 0.5925898645605762
15.024024024024024 0.8253447931241255 1.099314906335015 0.5062916830776885 0.5930232232573265
15.03003003003003 0.8250149850149849 1.0999013127000776 0.5064403604375518 0.5934609522625257
15.036036036036036 0.8246854403834631 1.1004986007340363 0.5065870290101983 0.5939115717238379
15.042042042042041 0.8243561589139549 1.101094408565118 0.5067332375364382 0.5943611710286798
15.048048048048049 0.8240271402913589 1.1016887398396398 0.5068789870393215 0.5948097528003182
15.054054054054054 0.8236983842010771 1.1022815981542728 0.5070242785632537 0.5952573195910191
15.06006006006006 0.8233698903290129 1.1028729870795801 0.5071691131208984 0.5957038739586817
15.066066066066066 0.8230416583615706 1.1034629101737132 0.5073134916997074 0.5961494184740058
15.072072072072071 0.8227136879856545 1.1040513709762825 0.5074574152861874 0.5965939556900951
15.078078078078079 0.8223859788886676 1.1046383730133515 0.5076008848618903 0.5970374881514613
15.084084084084084 0.8220585307585109 1.1052239198027727 0.5077439013997133 0.5974800184030594
15.09009009009009 0.8217313432835821 1.1058080148485718 0.5078864658719163 0.5979215489766555
15.096096096096096 0.821404416152775 1.106390661642776 0.5080285792487956 0.5983620823939805
15.102102102102101 0.8210777490554783 1.106971863669217 0.5081702424946585 0.5988016211745584
15.108108108108109 0.8207513416815742 1.1075516243998256 0.5083114565724218 0.5992401678274039
15.114114114114114 0.8204251937214384 1.108129947294482 0.5084522224437231 0.599677724850759
15.12012012012012 0.8200993048659384 1.1087066448000182 0.5085919715272216 0.6001146732727967
15.126126126126126 0.8197736748064324 1.1092725606430398 0.5087033968546373 0.6005691637884026
15.132132132132131 0.8194483032347688 1.1098370657034289 0.5088144354363318 0.601022630267097
15.138138138138139 0.819123189843285 1.1104001633872997 0.5089250880812523 0.6014750753060475
15.144144144144144 0.8187983343248066 1.1109618570897757 0.5090353555960658 0.6019265014937097
15.15015015015015 0.8184737363726462 1.1115221501954962 0.5091452387873685 0.6023769114081277
15.156156156156156 0.8181493956806024 1.1120810460787052 0.5092547384588709 0.6028263076198344
15.162162162162161 0.817825311942959 1.11263854810531 0.5093638554119375 0.6032746926933724
15.168168168168169 0.8175014848544843 1.113194659628989 0.5094725904472966 0.6037220691816925
15.174174174174174 0.8171779141104294 1.1137493839944335 0.5095809443638893 0.6041684396305442
15.18018018018018 0.8168545994065282 1.1143027245366892 0.509688917957715 0.6046138065789742
15.186186186186186 0.8165315404389955 1.1148546845803096 0.5097965120242268 0.6050581725560827
15.192192192192191 0.8162087369045266 1.1154052674395807 0.5099037273571442 0.6055015400824365
15.198198198198199 0.8158861885002963 1.1159544764204046 0.5100105647476209 0.6059439116727837
15.204204204204204 0.8155638949239581 1.1165023148179543 0.5101170249857807 0.6063852898321735
15.21021021021021 0.8152418558736426 1.1170487859170632 0.5102231088602552 0.6068256770568079
15.216216216216216 0.8149200710479573 1.1175884531163156 0.510312778500861 0.6072756746154546
15.222222222222221 0.8145985401459853 1.1181227610524456 0.5103902877588425 0.6077324732936029
15.228228228228229 0.8142772628672845 1.1186557301378102 0.5104674822542127 0.6081882478835976
15.234234234234235 0.8139562389118865 1.1191873635912557 0.5105443626174259 0.6086430009738297
15.24024024024024 0.8136354679802956 1.1197176646223705 0.5106209294778543 0.6090967351445162
15.246246246246246 0.8133149497734883 1.1202466364303427 0.5106971834641763 0.6095494529661666
15.252252252252251 0.8129946839929121 1.120774282205294 0.5107731252035145 0.6100011570017794
15.258258258258259 0.8126746703404841 1.1213006051283394 0.5108487553217207 0.6104518498066187
15.264264264264265 0.8123549085185914 1.121825608370371 0.5109240744438701 0.6109015339265008
15.27027027027027 0.8120353982300884 1.122349295093333 0.5109990831938551 0.6113502118994778
15.276276276276276 0.8117161391782977 1.122871668449671 0.5110737821938218 0.6117978862558491
15.282282282282281 0.8113971310670073 1.123392731582749 0.5111481720653962 0.6122445595173528
15.288288288288289 0.8110783736004713 1.1239124876262212 0.5112222534291256 0.6126902341970955
15.294294294294295 0.8107598664834085 1.1244309397048295 0.5112960269038116 0.613134912801018
15.3003003003003 0.8104416094210009 1.1249480909341163 0.5113694931074886 0.6135785978266276
15.306306306306306 0.8101236021188934 1.1254639444201324 0.511442652657215 0.6140212917629175
15.312312312312311 0.8098058442831927 1.1259908709943334 0.5115193947141058 0.6144714762802275
15.318318318318319 0.8094883356204665 1.126517277954581 0.511596076040142 0.6149212019144389
15.324324324324325 0.8091710758377425 1.1270423704564 0.5116724464232926 0.6153699240331075
15.33033033033033 0.8088540646425073 1.1275661516382256 0.5117485064845813 0.6158176451536443
15.336336336336336 0.8085373017427061 1.1280886246297754 0.5118242568441698 0.6162643677856057
15.342342342342342 0.808220786846741 1.128609792551081 0.5118996981211847 0.6167100944298962
15.348348348348349 0.8079045196634709 1.1291296585133075 0.5119748309336905 0.6171548275796169
15.354354354354355 0.8075884999022099 1.129648225618367 0.5120496558983367 0.6175985697200302
15.36036036036036 0.8072727272727273 1.1301654969590047 0.5121241736307411 0.6180413233282636
15.366366366366366 0.8069572014852452 1.1306814756190677 0.5121983847457728 0.6184830908732949
15.372372372372372 0.8066419222504395 1.1311961646733182 0.5122722898567454 0.6189238748165727
15.378378378378379 0.8063268892794376 1.1317095671872703 0.5123458895757791 0.6193636776114912
15.384384384384385 0.8060121022838181 1.13222168621782 0.5124191845144652 0.6198025017033548
15.39039039039039 0.8056975609756097 1.1327325248125013 0.5124921752827136 0.6202403495297878
15.396396396396396 0.8053832650672909 1.1332420860101682 0.512564862489477 0.6206772235206912
15.402402402402402 0.8050692142717879 1.1337433762267815 0.5126282993520637 0.6211150768747178
15.408408408408409 0.804755408302475 1.1341870271230259 0.512619350299785 0.6215676768232409
15.414414414414415 0.8044418468731735 1.134629542306283 0.5126102704643762 0.622019271841907
15.42042042042042 0.80412852969815 1.1350709244551336 0.5126010600108992 0.6224698644442344
15.426426426426426 0.803815456492116 1.1355111762400145 0.5125917191043242 0.6229194571356904
15.432432432432432 0.8035026269702277 1.1359503003239921 0.51258224791013 0.6233680524138622
15.438438438438439 0.8031900408480839 1.136388299361864 0.512572646593935 0.623815652767929
15.444444444444445 0.8028776978417266 1.1368251760012011 0.512562915321934 0.624262260679267
15.45045045045045 0.8025655976676385 1.1372609328819974 0.5125530542603963 0.624707878621601
15.456456456456456 0.8022537400427433 1.1376955726364943 0.5125430635760526 0.6251525090604417
15.462462462462462 0.8019421246844047 1.138129097888672 0.5125329434357571 0.6255961544529149
15.468468468468469 0.8016307513104252 1.1385615112559198 0.5125226940066804 0.6260388172492394
15.474474474474475 0.8013196196390452 1.1389928153476487 0.5125123154564691 0.6264804998911796
15.48048048048048 0.8010087293889427 1.1394230127656302 0.5125018079528137 0.6269212048128164
15.486486486486486 0.8006980802792322 1.1398521061043116 0.5124911716638914 0.6273609344404204
15.492492492492492 0.8003876720294631 1.1402800979506944 0.5124804067580089 0.6277996911926854
15.498498498498499 0.8000775043596201 1.140694187948099 0.512470955234195 0.6282232327139041
15.504504504504505 0.799767576990122 1.1409658799723172 0.512477262171647 0.6284886178006703
15.51051051051051 0.7994578896418199 1.1412367504580485 0.5124833620186237 0.6287533884394249
15.516516516516516 0.7991484420359977 1.1415068012816896 0.512489255241764 0.6290175460399255
15.522522522522522 0.7988392338943703 1.1417760343150247 0.5124949423068624 0.6292810920081623
15.528528528528529 0.7985302649390834 1.1420444514248698 0.5125004236786987 0.6295440277461709
15.534534534534535 0.7982215348927122 1.14231205447247 0.512505699820927 0.6298063546515432
15.54054054054054 0.7979130434782609 1.1425788453146115 0.5125107711962376 0.6300680741183741
15.546546546546546 0.7976047904191618 1.1428448258027424 0.512515638266277 0.6303291875364654
15.552552552552552 0.797296775439274 1.1431099977834145 0.5125203014916934 0.6305896962917212
15.558558558558559 0.7969889982628836 1.1433743630985265 0.5125247613322347 0.6308496017662918
15.564564564564565 0.7966814586147019 1.1436379235845326 0.5125290182464656 0.6311089053380672
15.57057057057057 0.796374156219865 1.1439006810739059 0.5125330726921264 0.6313676083817794
15.576576576576576 0.7960670908039329 1.1441626373931828 0.5125369251258706 0.6316257122673122
15.582582582582582 0.7957602620928889 1.1444237943645987 0.5125405760034155 0.6318832183611832
15.588588588588589 0.795453669813138 1.1446841538054935 0.5125440257794756 0.6321401280260179
15.594594594594595 0.7951473136915077 1.1449437175281334 0.5125472749079342 0.6323964426201992
15.6006006006006 0.7948411934552454 1.1452493020857704 0.5125900615534381 0.6326592405323322
15.606606606606606 0.7945353088320184 1.1455619902677774 0.5126393514822395 0.632922638785538
15.612612612612612 0.7942296595499134 1.1458737891106328 0.5126883590228115 0.6331854300878212
15.618618618618619 0.7939242453374351 1.1461847006232795 0.5127370848004873 0.6334476158227922
15.624624624624625 0.7936190659235057 1.1464947268083223 0.5127855294389564 0.6337091973693659
15.63063063063063 0.793314121037464 1.1468038696598764 0.5128336935587037 0.6339701761011728
15.636636636636636 0.7930094104090648 1.147112131168445 0.5128815777768101 0.6342305533916348
15.642642642642642 0.7927049337684777 1.1474195133211236 0.5129291827098168 0.6344903306113067
15.64864864864865 0.7924006908462866 1.147726018099749 0.5129765089745065 0.6347495091252425
15.654654654654655 0.7920966813734893 1.1480316474809147 0.5130235571866021 0.6350080902943125
15.66066066066066 0.7917929050814957 1.1483364034361023 0.5130703279600807 0.6352660754760217
15.666666666666666 0.7914893617021277 1.14864028793129 0.5131168219076526 0.6355234660236374
15.672672672672672 0.7911860509676183 1.1489433029272837 0.5131630396408736 0.6357802632864102
15.67867867867868 0.7908829726106109 1.1492454503795166 0.5132089817696228 0.6360364686098938
15.684684684684685 0.7905801263641584 1.149546732238792 0.5132546489025952 0.6362920833361968
15.69069069069069 0.7902775119617225 1.1498471504497405 0.5133000416467249 0.6365471088030155
15.696696696696696 0.7899751291371723 1.1501498323154473 0.5133448311826153 0.6368050011328319
15.702702702702704 0.7896729776247848 1.150455978299395 0.5133888926010377 0.6370670856983573
15.70870870870871 0.7893710571592429 1.1507612533428841 0.5134326839719258 0.6373285693709584
15.714714714714715 0.7890693674756354 1.1510656594029085 0.513476205890153 0.6375894535127554
15.72072072072072 0.7887679083094556 1.1513691984315106 0.5135194589487984 0.6378497394827123
15.726726726726726 0.7884666793966011 1.15167187237581 0.5135624437397573 0.6381094286360526
15.732732732732734 0.7881656804733727 1.1519736831770193 0.5136051608535305 0.6383685223234888
15.73873873873874 0.7878649112764738 1.1522746327717865 0.5136476108795809 0.6386270218922057
15.744744744744745 0.7875643715430096 1.1525747230915933 0.5136897944056332 0.63888492868596
15.75075075075075 0.7872640610104862 1.1528739560624863 0.5137317120182452 0.6391422440442411
15.756756756756756 0.7869639794168096 1.1531723336056332 0.5137733643028398 0.6393989693027934
15.762762762762764 0.7866641265002857 1.153469857636907 0.5138147518435258 0.6396551057933811
15.76876876876877 0.7863645019996192 1.1537665300675437 0.513855875222517 0.6399106548450268
15.774774774774775 0.7860651056539121 1.1540623528030873 0.5138967350213772 0.64016561778171
15.78078078078078 0.7857659372026642 1.1543573277440375 0.5139373318204115 0.6404199959236261
15.786786786786786 0.7854669963857714 1.154651456786975 0.5139776661980241 0.640673790588951
15.792792792792794 0.7851682829435254 1.154944741822227 0.5140177387316537 0.6409270030905733
15.7987987987988 0.7848697966166127 1.1552539932437007 0.514055705761688 0.6411982874820127
15.804804804804805 0.7845715371461144 1.155567231471705 0.5140928857623255 0.6414743457093794
15.81081081081081 0.7842735042735043 1.1558795936336148 0.5141298134726131 0.6417497801610017
15.816816816816816 0.7839756977406493 1.1561910816929108 0.5141664894422874 0.6420245922506235
15.822822822822824 0.7836781172898082 1.156501697608509 0.514202914219779 0.64229878338873
15.82882882882883 0.7833807626636311 1.1568114433342114 0.5142390883517055 0.6425723549825058
15.834834834834835 0.7830836336051583 1.1571203208181 0.5142750123839458 0.6428453084341542
15.84084084084084 0.7827867298578198 1.157428332002626 0.5143106868615288 0.6431176451410973
15.846846846846846 0.7824900511654349 1.1577354788264114 0.5143461123278745 0.6433893664985368
15.852852852852854 0.7821935972722106 1.158041763221916 0.5143812893248031 0.643660473897113
15.85885885885886 0.7818973679227419 1.1583471871163789 0.5144162183939414 0.6439309687224375
15.864864864864865 0.7816013628620102 1.1586517524320796 0.5144509000753525 0.6442008523567271
15.87087087087087 0.7813055818353832 1.1589554610865471 0.5144853349073529 0.6444701261791942
15.876876876876876 0.7810100245886136 1.159258314991886 0.5145195234277259 0.6447387915641601
15.882882882882884 0.7807146908678388 1.1595603160544636 0.5145534661733254 0.6450068498811381
15.88888888888889 0.7804195804195804 1.1598614661766438 0.5145871636793563 0.6452743024972873
15.894894894894895 0.7801246929907425 1.160161767255362 0.5146206164794693 0.6455411507758926
15.9009009009009 0.7798300283286118 1.1605019800761207 0.5146946261433675 0.6458073539327533
15.906906906906906 0.779535586180857 1.1608449343036709 0.5147719826825206 0.6460729516211503
15.912912912912914 0.7792413662955274 1.1611869669241595 0.5148490179470827 0.6463379489770767
15.91891891891892 0.7789473684210526 1.161528079974486 0.5149257326268254 0.6466023473476606
15.924924924924925 0.7786535923062418 1.1618682754855256 0.515002127410959 0.6468661480745667
15.93093093093093 0.7783600377002828 1.1622075554840403 0.5150782029858232 0.6471293524982171
15.936936936936936 0.7780667043527417 1.1625459219910725 0.5151539600361535 0.647391961954919
15.942942942942944 0.7777735920135618 1.162883377021083 0.5152293992463504 0.6476539777747327
15.94894894894895 0.7774807004330634 1.1632199225833502 0.5153045212991999 0.6479154012841503
15.954954954954955 0.7771880293619424 1.1635555606837096 0.5153793268747837 0.6481762338089259
15.96096096096096 0.77689557855127 1.1638902933202695 0.5154538166524361 0.6484364766678334
15.966966966966966 0.7766033477524921 1.164224122485296 0.5155279913113627 0.6486961311739333
15.972972972972974 0.776311336717428 1.1645570501675648 0.5156018515277405 0.6489551986398243
15.97897897897898 0.7760195451982709 1.1648890783492702 0.5156753979754657 0.6492136803738044
15.984984984984985 0.7757279729475859 1.1652202090050618 0.5157486313292127 0.6494715776758492
15.99099099099099 0.7754366197183098 1.165550444104899 0.5158215522622729 0.6497288918426259
15.996996996996996 0.7751454852637507 1.1658797856133005 0.5158941614431862 0.6499856241701144
16.003003003003002 0.7748545693375868 1.166214098754171 0.5159658459372903 0.6502482528168806
16.00900900900901 0.7745638716938661 1.166548602909273 0.516037107636079 0.6505114952731941
16.015015015015017 0.7742733920870053 1.166882207023264 0.5161080616432869 0.6507741453799771
16.02102102102102 0.7739831302717901 1.16721491304579 0.516178708601591 0.6510362044441991
16.027027027027028 0.7736930860033726 1.1675467228916045 0.5162490491412264 0.6512976737503782
16.033033033033032 0.7734032590372729 1.1678776384583553 0.5163190838731908 0.6515585545851644
16.03903903903904 0.7731136491293765 1.1682076616707604 0.5163888133829662 0.6518188482877942
16.045045045045043 0.772824256035935 1.1685367945005614 0.5164582382531596 0.6520785562474019
16.05105105105105 0.772535079513564 1.1688650389374067 0.5165273591023469 0.6523376798350597
16.057057057057058 0.7722461193192444 1.1691923969578404 0.5165961765913377 0.6525962203665027
16.063063063063062 0.7719573752103197 1.1695188705234092 0.5166646913914539 0.6528541791319553
16.06906906906907 0.7716688469444962 1.1698444615890506 0.5167329041599823 0.6531115574290685
16.075075075075077 0.771380534279843 1.1701691721026606 0.5168008155465577 0.6533683565561029
16.08108108108108 0.7710924369747898 1.170493004001333 0.5168684262028701 0.6536245777984631
16.087087087087088 0.7708045547881276 1.1708159592160032 0.5169357367778424 0.6538802224381607
16.093093093093092 0.7705168874790073 1.1711380396733837 0.5170027479142887 0.6541352917590951
16.0990990990991 0.770229434806939 1.1714592472929792 0.5170694602539523 0.6543897870390268
16.105105105105103 0.7699421965317921 1.171790723672825 0.5171347030827619 0.6546560205900632
16.11111111111111 0.7696551724137931 1.1721305298839821 0.5171986831380792 0.6549318467459031
16.117117117117118 0.769368362213527 1.1724694333251007 0.5172623726630312 0.6552070606620695
16.123123123123122 0.7690817656919352 1.1728074359814256 0.5173257722761884 0.6554816637052372
16.12912912912913 0.7687953826103145 1.1731445398329143 0.5173888825952035 0.6557556572377107
16.135135135135137 0.7685092127303182 1.173480746854688 0.5174517042340759 0.656029042620612
16.14114114114114 0.7682232558139535 1.1738160590169455 0.5175142378055938 0.6563018212113517
16.147147147147148 0.7679375116235819 1.1741504782828294 0.5175764839223298 0.6565739943604996
16.153153153153152 0.7676519799219186 1.1744840066108035 0.5176384431947298 0.6568455634160736
16.15915915915916 0.7673666604720313 1.1748166459550364 0.5177001162308481 0.6571165297241883
16.165165165165163 0.7670815530373398 1.1751483982632618 0.5177615036377653 0.6573868946254965
16.17117117117117 0.7667966573816156 1.1754792654779358 0.5178226060221266 0.6576566594558092
16.177177177177178 0.7665119732689808 1.1758092495371328 0.5178834239880307 0.6579258255491022
16.183183183183182 0.7662275004639081 1.176138352373539 0.5179439581375849 0.658194394235954
16.18918918918919 0.7659432387312186 1.1764665759140855 0.518004209072779 0.6584623668413065
16.195195195195197 0.7656591878360837 1.1767939220807215 0.5180641773939951 0.6587297446867264
16.2012012012012 0.7653753475440223 1.1771203927908982 0.5181238636993574 0.6589965290915409
16.207207207207208 0.7650917176209003 1.1774459908135395 0.5181832689441928 0.6592627218693469
16.213213213213212 0.764808297832932 1.1777707512779765 0.5182424076240035 0.6595283436539728
16.21921921921922 0.7645250879466765 1.178094641945494 0.5183012660528351 0.659793375892659
16.225225225225223 0.7642420877290395 1.1784176647140872 0.5183598448232788 0.6600578198908085
16.23123123123123 0.7639592969472709 1.1787398214753764 0.5184181445271643 0.6603216769482121
16.237237237237238 0.7636767153689661 1.1790611141158938 0.5184761657550523 0.6605849483608415
16.243243243243242 0.7633943427620632 1.1793815445180083 0.5185339090957753 0.6608476354222329
16.24924924924925 0.7631121788948438 1.17970111455899 0.5185913751365285 0.6611097394224614
16.255255255255257 0.7628302235359319 1.1800198261108084 0.5186485644636971 0.6613712616471112
16.26126126126126 0.7625484764542937 1.1803376810403272 0.5187054776625019 0.6616322033778254
16.26726726726727 0.7622669374192357 1.1806546812108796 0.5187621153160292 0.6618925658948505
16.273273273273272 0.761985606200406 1.1809708284796008 0.5188184780062721 0.6621523504733285
16.27927927927928 0.7617044825677919 1.181286124699023 0.518874566314428 0.662411558384595
16.285285285285283 0.7614235662917206 1.1816005717170326 0.5189303808200245 0.662670190897008
16.29129129129129 0.7611428571428571 1.1819141713769512 0.5189859221008213 0.6629282492761299
16.2972972972973 0.7608623548922057 1.1822269255167477 0.5190411907337121 0.6631857347830354
16.303303303303302 0.760582059311107 1.1825388359694362 0.5190961872945158 0.6634426486749204
16.30930930930931 0.7603019701712392 1.182849904564511 0.5191509123572587 0.6636989922072523
16.315315315315317 0.7600220872446162 1.183154342287602 0.5191937077100394 0.6639606345775627
16.32132132132132 0.7597424103035879 1.1834424894271445 0.5192051224552927 0.6642373669718518
16.32732732732733 0.7594629391208386 1.1837298390120263 0.5192163459840178 0.6645134930280084
16.333333333333332 0.7591836734693879 1.1840163927816743 0.5192273786954502 0.664789014086224
16.33933933933934 0.7589046131225877 1.1843021524706632 0.5192382209878146 0.6650639314828486
16.345345345345343 0.7586257578541247 1.1845871198091709 0.5192488732592015 0.6653382465499693
16.35135135135135 0.7583471074380166 1.1848712965226067 0.5192593359063429 0.6656119606162638
16.35735735735736 0.7580686616486139 1.18515468433224 0.5192696093250797 0.6658850750071603
16.363363363363362 0.7577904202605983 1.1854372849545787 0.5192796939104816 0.666157591044097
16.36936936936937 0.7575123830489817 1.1857191001017657 0.5192895900571795 0.6664295100445862
16.375375375375377 0.7572345497891069 1.1860001314811999 0.5192992981584263 0.6667008333227735
16.38138138138138 0.7569569202566453 1.1862803807964282 0.5193088186068305 0.6669715621895976
16.38738738738739 0.7566794942275975 1.1865598497461092 0.5193181517943087 0.6672416979518004
16.393393393393392 0.7564022714782928 1.186838540024353 0.5193272981118132 0.66751124191254
16.3993993993994 0.7561252517853873 1.1871164533213197 0.5193362579495988 0.6677801953717208
16.405405405405407 0.7558484349258648 1.1873935913226976 0.5193450316966922 0.6680485596260055
16.41141141141141 0.7555718206770358 1.187669955709706 0.5193536197419539 0.6683163359677521
16.41741741741742 0.7552954088165355 1.1879455481590515 0.5193620224730606 0.6685835256859908
16.423423423423422 0.755019199122326 1.188231662217256 0.5193815521547992 0.6688501100624568
16.42942942942943 0.7547431913726923 1.1885454842422987 0.5194294243921759 0.6691160598501229
16.435435435435437 0.754467385346245 1.1888584694074718 0.5194770425535126 0.6693814268539593
16.44144144144144 0.7541917808219178 1.1891706195199114 0.5195244071702255 0.669646212349686
16.44744744744745 0.7539163775789665 1.189481936380736 0.5195715187729979 0.6699104176077383
16.453453453453452 0.7536411753969703 1.1897924217839226 0.5196183778910821 0.6701740438928404
16.45945945945946 0.7533661740558292 1.1901020775193507 0.5196649850501364 0.6704370924692143
16.465465465465467 0.753091373335765 1.1904109053723766 0.5197113407735849 0.6706995645987917
16.47147147147147 0.7528167730173199 1.1907189071247974 0.5197574455846709 0.6709614615401266
16.47747747747748 0.7525423728813558 1.1910260845538703 0.5198033000062793 0.6712227845475909
16.483483483483482 0.7522681727090544 1.1913324394321205 0.5198489045597754 0.6714835348723452
16.48948948948949 0.7519941722819159 1.1916379735281646 0.519894259765818 0.6717437137623465
16.495495495495497 0.7517203713817585 1.191942688605187 0.519939366143629 0.672003322461558
16.5015015015015 0.7514467697907189 1.1922465864232275 0.519984224211567 0.6722623622116605
16.50750750750751 0.7511733672912497 1.192549668736544 0.520028834486824 0.67252083424972
16.513513513513512 0.7509001636661211 1.1928519372956148 0.5200731974854266 0.6727787398101881
16.51951951951952 0.7506271586984185 1.1931533938458554 0.5201173137220846 0.6730360801237707
16.525525525525527 0.7503543521715428 1.1934540401289366 0.5201611837106943 0.6732928564182423
16.53153153153153 0.7500817438692098 1.193757058527624 0.5202068592303334 0.6735501992972908
16.53753753753754 0.7498093335754494 1.1941136579875176 0.5202873668578669 0.6738262911296508
16.543543543543542 0.7495371210746052 1.1944693541625386 0.5203675691559455 0.6741017850065931
16.54954954954955 0.7492651061513337 1.1948241489863425 0.5204474667505625 0.6743766822357801
16.555555555555557 0.748993288590604 1.1951780443873508 0.5205270602661672 0.6746509841211835
16.56156156156156 0.7487216681776973 1.1955310422889789 0.520606350325756 0.6749246919632229
16.56756756756757 0.7484502446982055 1.1958831446098652 0.5206853375510224 0.6751978070588427
16.573573573573572 0.7481790179380323 1.1962343532636617 0.5207640225624169 0.6754703307012447
16.57957957957958 0.7479079876833906 1.1965846701592837 0.5208424059788315 0.6757422641804522
16.585585585585587 0.7476371537208037 1.1969340972004574 0.5209204884178764 0.676013608782581
16.59159159159159 0.7473665158371041 1.1972826362863795 0.5209982704958696 0.6762843657905099
16.5975975975976 0.7470960738194318 1.1976302893110409 0.5210757528276916 0.6765545364833494
16.603603603603602 0.7468258274552361 1.1979770581641191 0.5211529360268982 0.676824122137221
16.60960960960961 0.7465557765322726 1.1983229447298607 0.5212298207057227 0.6770931240241381
16.615615615615617 0.7462859208386047 1.1986679508881801 0.5213064074748667 0.6773615434133133
16.62162162162162 0.7460162601626016 1.199012078513985 0.5213826969440396 0.6776293815699455
16.62762762762763 0.7457467942929383 1.1993553294775174 0.5214586897213768 0.6778966397561407
16.633633633633632 0.7454775230185954 1.1996977056441005 0.521534386413679 0.6781633192304216
16.63963963963964 0.7452084461288576 1.2000392088744205 0.5216097876264235 0.6784294212479969
16.645645645645647 0.744939563413314 1.2003576856262141 0.5216626981824343 0.6786949874437799
16.65165165165165 0.7446708746618576 1.2006594337870278 0.521699426097188 0.6789600076898398
16.65765765765766 0.7444023796646836 1.2009603793066161 0.5217359250744601 0.6792244542321559
16.663663663663662 0.7441340782122906 1.2012605238973761 0.521772195585097 0.6794883283122792
16.66966966966967 0.7438659700954783 1.2015598692672098 0.5218082380988427 0.6797516311683671
16.675675675675677 0.7435980551053483 1.2018584171196784 0.5218440530847194 0.6800143640349591
16.68168168168168 0.7433303330333033 1.2021561691540525 0.5218796410105849 0.6802765281434676
16.68768768768769 0.7430628036710455 1.2024531270652425 0.5219150023430886 0.680538124722154
16.693693693693692 0.7427954668105775 1.202749292544088 0.5219501375482504 0.6807991549958375
16.6996996996997 0.7425283222442007 1.20304466727671 0.5219850470909166 0.6810596201857934
16.705705705705707 0.7422613697645155 1.2033392529455043 0.5220197314349929 0.6813195215105114
16.71171171171171 0.7419946091644205 1.2036330512281896 0.5220541910434251 0.6815788601847645
16.71771771771772 0.7417280402371115 1.203926063798319 0.5220884263780258 0.6818376374202931
16.723723723723722 0.7414616627760819 1.204218292325047 0.5221224378999179 0.6820958544251292
16.72972972972973 0.7411954765751212 1.2045097384738184 0.5221562260690484 0.6823535124047698
16.735735735735737 0.7409294814283149 1.2048004039058164 0.522189791344384 0.6826106125614323
16.74174174174174 0.7406636771300449 1.205090290277506 0.5222231341839668 0.6828671560935393
16.74774774774775 0.7403980634749865 1.2053793992414317 0.5222562550450213 0.6831231441964104
16.753753753753752 0.7401326402581108 1.205667732446132 0.5222891543835494 0.6833785780625826
16.75975975975976 0.7398674072746819 1.2060294841672445 0.5223849054733102 0.6836445786939344
16.765765765765767 0.7396023643202578 1.2064024971496554 0.5224906679297918 0.6839118292198636
16.77177177177177 0.7393375111906894 1.2067745948648498 0.5225960894008745 0.6841785054639753
16.77777777777778 0.7390728476821192 1.2071457792361502 0.5227011705718182 0.684444608664332
16.783783783783782 0.7388083735909823 1.2075160521814798 0.5228059121263776 0.6847101400551022
16.78978978978979 0.7385440887140047 1.207885415614038 0.5229103147471345 0.6849751008669034
16.795795795795797 0.738279992848203 1.208253871442494 0.5230143791151013 0.6852394923273927
16.8018018018018 0.7380160857908847 1.2086214215706552 0.5231181059096037 0.6855033156610515
16.80780780780781 0.7377523673396462 1.2089880678975344 0.5232214958086215 0.6857665720889129
16.813813813813812 0.7374888372923737 1.2093538123170509 0.523324549488865 0.6860292628281859
16.81981981981982 0.7372254954472415 1.2097186567192497 0.5234272676255187 0.6862913890937311
16.825825825825827 0.7369623416027127 1.2100826029890002 0.5235296508922263 0.6865529520967738
16.83183183183183 0.736699375557538 1.2104456530064291 0.5236316999610858 0.6868139530453434
16.83783783783784 0.7364365971107543 1.21080780864686 0.5237334155031634 0.6870743931436966
16.843843843843842 0.7361740060616866 1.2111690717810775 0.5238347981878199 0.6873342735932576
16.84984984984985 0.7359116022099447 1.211529444275712 0.5239358486829279 0.6875935955927842
16.855855855855857 0.7356493853554248 1.2118889279921217 0.5240365676549084 0.6878523603372132
16.86186186186186 0.735387355298308 1.21224752478707 0.5241369557691785 0.6881105690178915
16.86786786786787 0.7351255118390599 1.2126052365129907 0.5242370136894492 0.6883682228235415
16.873873873873872 0.7348638547784303 1.2131226387773804 0.5244976600591923 0.688624978718188
16.87987987987988 0.7346023839174524 1.2136601603118022 0.5247790237223429 0.6888811365894595
16.885885885885887 0.7343410990574425 1.2141965305251485 0.5250597873366981 0.6891367431884503
16.89189189189189 0.7340800000000001 1.2147317516619687 0.5253399519699853 0.6893917996919834
16.8978978978979 0.7338190865470055 1.215265825961823 0.5256195186879484 0.6896463072738745
16.903903903903903 0.7335583585006218 1.2157987556595262 0.5258984885548994 0.6899002671046269
16.90990990990991 0.7332978156632924 1.2163305429846807 0.5261768626337301 0.6901536803509507
16.915915915915917 0.7330374578377419 1.216861190162525 0.5264546419854478 0.6904065481770774
16.92192192192192 0.7327772848269742 1.217390699413507 0.526731827668817 0.69065887174469
16.92792792792793 0.7325172964342735 1.217919072952875 0.5270084207414465 0.6909106522114284
16.933933933933933 0.7322574924632027 1.2184463129912184 0.5272844222593989 0.6911618907318196
16.93993993993994 0.7319978727176033 1.2189724217347768 0.5275598332767321 0.6914125884580448
16.945945945945947 0.7317384370015948 1.2194974013847084 0.5278346548455337 0.6916627465391747
16.95195195195195 0.7314791851195749 1.2200212541373334 0.528108888016569 0.6919123661207645
16.95795795795796 0.7312201168762175 1.220543982184094 0.5283825338392297 0.6921614483448641
16.963963963963963 0.7309612320764738 1.2210655877118004 0.5286555933606865 0.692409994351114
16.96996996996997 0.7307025305255707 1.2215860729030947 0.5289280676264015 0.6926580052766932
16.975975975975977 0.730444012029011 1.2221054399352431 0.5291999576802632 0.6929054822549798
16.98198198198198 0.7301856763925729 1.2226236909809551 0.529471264564915 0.6931524264160402
16.98798798798799 0.7299275234223086 1.2232292278036005 0.5298346087719108 0.6933946190316898
16.993993993993993 0.729669552924545 1.2238820214519146 0.5302480468990054 0.6936339745529093
17.0 0.7294117647058823 1.2245335353385152 0.5306607236884013 0.6938728116501138
17.006006006006007 0.7291541585731943 1.2251837717008056 0.5310726402853013 0.6941111314155043
17.01201201201201 0.7288967343336274 1.2260836176284704 0.5317588801289679 0.6943247374995025
17.01801801801802 0.7286394917946003 1.2270584992671576 0.5325280057044753 0.6945304935626821
17.024024024024023 0.7283824307638032 1.228031846655905 0.5332960575946563 0.6947357890612489
17.03003003003003 0.7281255510491976 1.229003661065437 0.5340630361129427 0.6949406249524941
17.036036036036037 0.7278688524590163 1.2303088924580856 0.5351375935453231 0.6951712989127625
17.04204204204204 0.7276123348017621 1.231659419520426 0.5362542590319858 0.6954051604884403
17.04804804804805 0.7273559978862074 1.2330081594850653 0.5373696471538174 0.6956385123312478
17.054054054054053 0.7270998415213946 1.2343551114128979 0.5384837559004478 0.6958713555124502
17.06006006006006 0.7268438655166344 1.2368447756393688 0.5406234510388092 0.6962213246005596
17.066066066066067 0.7265880696815061 1.239360985348785 0.5427874917872676 0.6965734935615174
17.07207207207207 0.7263324538258575 1.2418752128602109 0.5449502812662552 0.6969249315939555
17.07807807807808 0.726077017759803 1.2446316918554767 0.5471866313368879 0.6974450605185888
17.084084084084083 0.7258217612937248 1.2509136422223528 0.5505019191073994 0.7004117231149534
17.09009009009009 0.725566684238271 1.2571777668796136 0.5538100480748335 0.7033677188047802
17.096096096096097 0.7253117864043561 1.2634240764786555 0.5571109685683043 0.7063131079103513
17.1021021021021 0.7250570676031607 1.2703571757952716 0.5602097164575454 0.7101474593377263
17.10810810810811 0.7248025276461295 1.2814499916566073 0.5621475330734416 0.7193024585831657
17.114114114114113 0.7245481663449729 1.2926058643671134 0.5635950747573487 0.7290107896097647
17.12012012012012 0.7242939835116646 1.3042857179130467 0.5627983988881491 0.7414873190248976
17.126126126126128 0.7240399789584429 1.3149196284702547 0.5616959358928737 0.753223692577381
17.13213213213213 0.723786152497809 1.3218191499878171 0.55924714089938 0.7625720090884371
17.13813813813814 0.7235325039425267 1.3274386853066564 0.5572390470476434 0.770199638259013
17.144144144144143 0.7232790331056227 1.3290061015889496 0.5564384221962295 0.7725676793927202
17.15015015015015 0.7230257398003852 1.3315704563372128 0.5567207948108398 0.7748496615263731
17.156156156156158 0.722772623840364 1.3368759275017992 0.5599673336626994 0.7769085938390998
17.16216216216216 0.72251968503937 1.3468541900892574 0.5634406466051168 0.7834135434841407
17.16816816816817 0.7222669232114746 1.3681583979770149 0.5675004557820491 0.8006579421949658
17.174174174174173 0.7220143381710089 1.3915294615115956 0.5687991553389843 0.8227303061726114
17.18018018018018 0.7217619297325643 1.4197414980105443 0.5643932372679481 0.8553482607425962
17.186186186186188 0.7215096977109906 1.4469802348967364 0.5563024054168845 0.8906778294798519
17.19219219219219 0.7212576419213974 1.4714163223713996 0.5398536040446337 0.9315627183267658
17.1981981981982 0.7210057621791514 1.481456995097714 0.516917407015026 0.964539588082688
17.204204204204203 0.7207540582998779 1.469463520138179 0.48967220942940487 0.9797913107087741
17.21021021021021 0.7205025300994591 1.4335235956494397 0.460362855107068 0.9731607405423718
17.216216216216218 0.7202511773940344 1.3756802925165987 0.4328378031427407 0.9428424893738581
17.22222222222222 0.72 1.3117232792326272 0.4146173924714519 0.8971058867611752
17.22822822822823 0.7197489977340072 1.2554604779279728 0.40848640499501593 0.8469740729329569
17.234234234234233 0.7194981704129639 1.1981980210065915 0.40315276409514406 0.7950452569114475
17.24024024024024 0.7192475178540323 1.1398994579519146 0.3987143240442649 0.7411851339076497
17.246246246246248 0.7189970398746299 1.1015240023151434 0.401119215772638 0.7004047865425053
17.25225225225225 0.7187467362924281 1.0970079903357788 0.413686322757657 0.6833216675781218
17.25825825825826 0.7184966069253523 1.0928930080306198 0.42683904299398473 0.666053965036635
17.264264264264263 0.7182466515915811 1.0891833205713626 0.4405857899803596 0.648597530591003
17.27027027027027 0.7179968701095462 1.0902143613900621 0.45292479544501224 0.6372895659450498
17.276276276276278 0.7177472622979314 1.0984026274544456 0.462264754298231 0.6361378731562147
17.28228228228228 0.7174978279756734 1.106665244425183 0.4716784505173173 0.6349867939078657
17.28828828828829 0.7172485669619593 1.115000313323995 0.4811639853476986 0.6338363279762963
17.294294294294293 0.7169994790762285 1.1224337932286899 0.48927322821505254 0.6331605650136374
17.3003003003003 0.7167505641381704 1.1282697400885855 0.4949903281025726 0.6332794119860129
17.306306306306308 0.7165018219677252 1.1341200751262361 0.5007221281600716 0.6333979469661646
17.31231231231231 0.7162532523850824 1.1399843492217896 0.5064681786321481 0.6335161705896414
17.31831831831832 0.7160048552106815 1.145688998174191 0.5120437952298467 0.6336452029443441
17.324324324324323 0.7157566302652106 1.1510867597325432 0.517292461064826 0.6337942986677171
17.33033033033033 0.7155085773696067 1.1564939344086156 0.522550899291239 0.6339430351173766
17.336336336336338 0.7152606963450545 1.1619101904625966 0.5278187774354312 0.6340914130271654
17.34234234234234 0.7150129870129871 1.1676694996781072 0.5334306708415966 0.6342388288365105
17.34834834834835 0.7147654491950839 1.174151222095265 0.539766617939861 0.6343846041554039
17.354354354354353 0.7145180827132722 1.1806466751100562 0.5461166515310373 0.6345300235790189
17.36036036036036 0.714270887389725 1.187155320678323 0.5524802328407843 0.6346750878375386
17.366366366366368 0.7140238630468614 1.1949397445998728 0.5597868972567255 0.6351528473431473
17.37237237237237 0.7137770095073466 1.206058487254724 0.5695555933855795 0.6365028938691445
17.37837837837838 0.7135303265940901 1.2171960545212586 0.5793465188319117 0.6378495356893469
17.384384384384383 0.7132838141302471 1.228350670734018 0.5891578860717139 0.639192784662304
17.39039039039039 0.713037471939216 1.2419850749887977 0.5999420590707267 0.642043015918071
17.396396396396398 0.7127912998446401 1.2642271284234656 0.6140634200695709 0.6501637083538947
17.4024024024024 0.7125452976704055 1.288721799139218 0.6279169110325702 0.6608048881066477
17.40840840840841 0.7122994652406417 1.3229123990598848 0.6407234025832242 0.6821889964766606
17.414414414414413 0.7120538023797206 1.3578437179997365 0.6519340705546471 0.7059096474450892
17.42042042042042 0.7118083089122565 1.398703835883314 0.6552425756029285 0.7434612602803854
17.426426426426428 0.7115629846631052 1.4382071871262687 0.6576814293449323 0.7805257577813363
17.43243243243243 0.7113178294573643 1.4722234002173602 0.6516413897859908 0.8205820104313695
17.43843843843844 0.7110728431203719 1.5045649151828397 0.6463813761940446 0.8581835389887951
17.444444444444443 0.7108280254777071 1.5197154785350024 0.6401717931725037 0.8795436853624986
17.45045045045045 0.7105833763551884 1.5346973766153489 0.6347574022594205 0.8999399743559283
17.456456456456458 0.7103388955788749 1.543994158793296 0.6415889284055889 0.902405230387707
17.46246246246246 0.7100945829750644 1.5532750770202046 0.6484126838209398 0.9048623931992646
17.46846846846847 0.7098504383702939 1.5963806821075375 0.66767433347208 0.9287063486354575
17.474474474474476 0.7096064615913387 1.6392335594099365 0.6868491270827116 0.952384432327225
17.48048048048048 0.7093626524652122 1.7304490384953122 0.6926846803679849 1.0377643581273275
17.486486486486488 0.7091190108191653 1.8219835423298238 0.700171319962249 1.121812222367575
17.49249249249249 0.7088755364806868 1.9239897089970612 0.6900874981501254 1.233902210846936
17.4984984984985 0.7086322292775012 2.00829068190287 0.6631769125696853 1.3451137693331845
17.504504504504503 0.7083890890375708 2.07125488118107 0.627097033460634 1.444157847720436
17.51051051051051 0.7081461155890928 2.099293072242074 0.584290389794181 1.5150026824478926
17.516516516516518 0.7079033087605004 2.0773670968208484 0.5352855991437101 1.5420814976771384
17.52252252252252 0.7076606683804627 1.9889578149116016 0.47484650574464127 1.5141113091669605
17.52852852852853 0.7074181942778824 1.8371410061227265 0.4051072098842536 1.4320337962384728
17.534534534534536 0.7071758862818975 1.6421856658225582 0.3311473993149547 1.3110382665076035
17.54054054054054 0.7069337442218798 1.4371281802367997 0.2659709768197916 1.1711572034170081
17.546546546546548 0.7066917679274345 1.216870560711745 0.2054851498236944 1.0113854108880505
17.55255255255255 0.7064499572284003 1.035491806826797 0.166466990660293 0.8690248161665041
17.55855855855856 0.7062083119548487 0.8872637760151942 0.14697815246082732 0.7402856235543668
17.564564564564563 0.7059668319370833 0.7880507228039544 0.14634819959157486 0.6417025232123795
17.57057057057057 0.7057255170056401 0.7412388099753692 0.16313677360968967 0.5781020363656795
17.576576576576578 0.7054843669912865 0.7189517261967282 0.18632397626462677 0.5326277499321014
17.58258258258258 0.7052433817250214 0.7253922886202163 0.2127728613590769 0.5126194272611394
17.58858858858859 0.705002561038074 0.7367997706624501 0.23851833856233118 0.4982814321001189
17.594594594594597 0.7047619047619046 0.7534013262894472 0.2593604818488612 0.4940408444405861
17.6006006006006 0.7045214127282033 0.7698808298417159 0.27900364747898504 0.49087718236273087
17.606606606606608 0.7042810847688895 0.7842304714668604 0.2938431943353241 0.4903872771315364
17.61261261261261 0.7040409207161126 0.7979269426267893 0.3078994734288231 0.49002746919796614
17.61861861861862 0.7038009204022497 0.8080395587875879 0.3178799236626926 0.49015963512489535
17.624624624624623 0.703561083659908 0.8182786761840487 0.32798718751990175 0.490291488664147
17.63063063063063 0.7033214103219212 0.8286409538509989 0.33821792340307605 0.4904230304479228
17.636636636636638 0.7030819002213519 0.838997654925984 0.3484408796955003 0.49055677523048374
17.64264264264264 0.7028425531914894 0.8460836690304921 0.35532632790770563 0.49075734112278646
17.64864864864865 0.7026033690658499 0.8532148203270651 0.36225733016937745 0.49095749015768764
17.654654654654657 0.7023643476781765 0.8603900811472434 0.36923285796747385 0.49115722317976945
17.66066066066066 0.7021254888624384 0.8676084283965453 0.3762518873648562 0.49135654103168913
17.666666666666668 0.7018867924528301 0.8733379640473848 0.3817529706011714 0.4915849934462134
17.67267267267267 0.7016482582837723 0.8788265210943393 0.38700847062034194 0.4918180504739974
17.67867867867868 0.70140988618991 0.8843346770950935 0.39228403630306696 0.4920506407920266
17.684684684684683 0.7011716760061132 0.8898619961045581 0.39757923075525303 0.49228276534930504
17.69069069069069 0.7009336275674758 0.8946402886180075 0.402103865519229 0.49253642309877854
17.696696696696698 0.7006957407093161 0.8990327755586396 0.4062318440447473 0.4928009315138922
17.7027027027027 0.7004580152671755 0.9034341272492777 0.4103692047569204 0.4930649224923573
17.70870870870871 0.7002204510768187 0.9078441343430814 0.41451573724823787 0.49332839709484355
17.714714714714717 0.6999830479742328 0.9119374931375468 0.41833135172810426 0.4936061414094425
17.72072072072072 0.6997458057956278 0.9156419809860844 0.42174072481721736 0.493901256168867
17.726726726726728 0.6995087243774352 0.9193504864407985 0.42515468441134535 0.4941958020294532
17.73273273273273 0.6992718035563082 0.9230628929486159 0.4285731127791324 0.4944897801694834
17.73873873873874 0.6990350431691214 0.9266771173084419 0.4319011057250914 0.4947760115833505
17.744744744744743 0.6987984430529701 0.9299582730291376 0.4349202115747144 0.49503806145442314
17.75075075075075 0.69856200304517 0.9332415973645309 0.43794199448727644 0.49529960287725455
17.756756756756758 0.6983257229832571 0.9365270110631154 0.4409663741779073 0.4955606368852082
17.762762762762762 0.6980896027049873 0.9398130925129273 0.44399185978426653 0.49582123272866085
17.76876876876877 0.6978536420483352 0.9424694856658402 0.4463561547186976 0.49611333094714255
17.774774774774777 0.6976178408514951 0.9451257839959814 0.4487209136179188 0.4964048703780625
17.78078078078078 0.6973821989528796 0.9477819500696633 0.45108609790029536 0.49669585216936796
17.786786786786788 0.6971467161911193 0.9504379467476632 0.4534516692813085 0.49698627746635476
17.792792792792792 0.6969113924050633 0.9529694856357943 0.45569299331784635 0.49727649231794796
17.7987987987988 0.6966762274337777 0.9554608454944601 0.457894582701277 0.4975662627931831
17.804804804804803 0.6964412211165458 0.9579516185694574 0.4600961386676123 0.49785547990184514
17.81081081081081 0.6962063732928679 0.9604417758747036 0.4622976310974342 0.49814414477726937
17.816816816816818 0.6959716838024608 0.9628335634293618 0.46441684645444015 0.49841671697492157
17.822822822822822 0.695737152485257 0.9651283902261052 0.4664549071316085 0.4986734830944967
17.82882882882883 0.6955027791814047 0.9674223872076376 0.4684926325312421 0.49892975467639555
17.834834834834837 0.6952685637312678 0.969715532005328 0.47052999929006156 0.49918553271526644
17.84084084084084 0.6950345059754249 0.9718872193717404 0.47244040753273003 0.4994468118390103
17.846846846846848 0.6948006057546693 0.9736685100097227 0.47394159491598326 0.4997269150937394
17.852852852852852 0.6945668629100085 0.9754482956309236 0.47544181022678844 0.5000064854041352
17.85885885885886 0.6943332772826636 0.977226568619154 0.47694104476829635 0.5002855238508577
17.864864864864863 0.6940998487140696 0.9790033214344344 0.4784392899220403 0.500564031512394
17.87087087087087 0.6938665770458747 0.9807785466107866 0.479936537146924 0.5008420094638626
17.876876876876878 0.6936334621199395 0.982552236756938 0.48143277797913847 0.5011194587777995
17.882882882882882 0.6934005037783376 0.9843243845555324 0.482928004031343 0.5013963805241894
17.88888888888889 0.693167701863354 0.9860949827626634 0.48442220699255406 0.5016727757701093
17.894894894894897 0.6929350562174861 0.9878640242074986 0.4859153786276122 0.5019486455798864
17.9009009009009 0.6927025666834423 0.9896315017917546 0.48740751077641153 0.5022239910153431
17.906906906906908 0.6924702331041421 0.9913974084894895 0.48889859535389946 0.5024988131355901
17.912912912912912 0.6922380553227159 0.9931617373464453 0.4903886243493814 0.502773112997064
17.91891891891892 0.6920060331825038 0.9949244814791364 0.4918775898260014 0.5030468916531351
17.924924924924923 0.6917741665270565 0.9966856340756975 0.49336548392065716 0.5033201501550403
17.93093093093093 0.6915424552001339 0.9984451883939219 0.4948522988428189 0.503592889551103
17.936936936936938 0.6913108990457056 1.00020313776215 0.4963380268750484 0.5038651108871017
17.942942942942942 0.6910794979079498 1.0019594755778034 0.497822660371701 0.5041368152061023
17.94894894894895 0.6908482516312532 1.0037141953074948 0.49930619175919083 0.5044080035483041
17.954954954954957 0.6906171600602107 1.0054672904864737 0.5007886135348365 0.5046786769516372
17.96096096096096 0.6903862230396255 1.007218754718837 0.5022699182672056 0.5049488364516312
17.966966966966968 0.6901554404145077 1.0089685816755647 0.5037500985948982 0.5052184830806665
17.972972972972972 0.6899248120300753 1.0104784901790225 0.5049392031908011 0.5055392869882214
17.97897897897898 0.689694337731752 1.0118899340907679 0.5060095073699628 0.505880426720805
17.984984984984983 0.6894640173651696 1.0132995225265515 0.5070785933519485 0.506220929174603
17.99099099099099 0.6892338507761643 1.0147072551592773 0.508146459485423 0.5065607956738541
17.996996996996998 0.6890038378107791 1.0161131316853014 0.5092131041456398 0.5069000275396617
18.003003003003002 0.6887739783152628 1.0175171518230726 0.5102785257342923 0.5072386260887802
18.00900900900901 0.688544272136068 1.018919315314091 0.5113427226789357 0.5075765926351553
18.015015015015017 0.6883147191198532 1.020319621922806 0.5124056934333306 0.5079139284894753
18.02102102102102 0.688085319113481 1.0217180714353702 0.5134674364769216 0.5082506349584486
18.027027027027028 0.687856071964018 1.0231146636601174 0.5145279503149689 0.5085867133451485
18.033033033033032 0.6876269775187344 1.024509398427691 0.5155872334779338 0.5089221649497572
18.03903903903904 0.687398035625104 1.025902275590719 0.5166452845215517 0.5092569910691673
18.045045045045043 0.6871692461308038 1.0272932950232057 0.5177021020265891 0.5095911929966166
18.05105105105105 0.6869406088837132 1.0286824566204367 0.518757684598858 0.5099247720215787
18.057057057057058 0.6867121237319141 1.030069760299076 0.5198120308687809 0.5102577294302951
18.063063063063062 0.6864837905236908 1.0314552059971476 0.5208651394911917 0.5105900665059557
18.06906906906907 0.6862556091075286 1.0328387936738246 0.5219170091452456 0.510921784528579
18.075075075075077 0.6860275793321149 1.0342205233087638 0.5229676385343531 0.5112528847744107
18.08108108108108 0.6857997010463378 1.0356003949021364 0.5240170263861169 0.5115833685160196
18.087087087087088 0.685571974099286 1.0369784084746232 0.5250651714515936 0.5119132370230296
18.093093093093092 0.685344398340249 1.0383545640676828 0.5261120725056118 0.5122424915620711
18.0990990990991 0.6851169736187158 1.0397288617426461 0.5271577283462561 0.51257113339639
18.105105105105103 0.6848896997843755 1.0409137925109264 0.5279990530970157 0.5129147394139107
18.11111111111111 0.6846625766871166 1.0420701591766066 0.5288102277885892 0.5132599313880175
18.117117117117118 0.6844356041770263 1.0432247622364952 0.5296202791541866 0.5136044830823087
18.123123123123122 0.6842087821043911 1.0443776033391814 0.5304292075164712 0.5139483958227102
18.12912912912913 0.6839821103196951 1.0455286841389357 0.5312370132078793 0.5142916709310564
18.135135135135137 0.6837555886736213 1.0466780062961447 0.5320436965707893 0.5146343097253554
18.14114114114114 0.6835292170170502 1.0478255714772906 0.5328492579567746 0.514976313520516
18.147147147147148 0.683302995201059 1.048971381355256 0.5336536977266989 0.5153176836285569
18.153153153153152 0.6830769230769231 1.0501154376087032 0.5344570162508537 0.5156584213578496
18.15915915915916 0.6828510004961137 1.0512577419214757 0.5352592139088601 0.5159985280126156
18.165165165165163 0.6826252273102993 1.0523982959835265 0.5360602910898137 0.5163380048937128
18.17117117117117 0.6823996033713435 1.0535371014907324 0.5368602481914473 0.5166768532992851
18.177177177177178 0.6821741285313068 1.0546741601448084 0.5376590856205169 0.5170150745242915
18.183183183183182 0.6819488026424443 1.0558094736525363 0.5384568037928404 0.517352669859696
18.18918918918919 0.6817236255572066 1.056943043726103 0.5392534031333576 0.5176896405927455
18.195195195195197 0.6814985971282389 1.0580748720829956 0.5400488840756679 0.5180259880073277
18.2012012012012 0.6812737172083815 1.0592049604467242 0.5408432470619081 0.5183617133848161
18.207207207207208 0.681048985650668 1.060333310546473 0.5416364925426589 0.5186968180038142
18.213213213213212 0.6808244023083265 1.0614599241154656 0.5424286209775042 0.5190313031379614
18.21921921921922 0.6805999670347783 1.0625848028919425 0.5432196328344752 0.5193651700574674
18.225225225225223 0.6803756796836382 1.0637079486203533 0.5440095285901199 0.5196984200302335
18.23123123123123 0.6801515401087135 1.064829363049996 0.5447983087286158 0.5200310543213803
18.237237237237238 0.6799275481640045 1.0658206715524132 0.5454319669166465 0.5203887046357666
18.243243243243242 0.6797037037037037 1.0667593079677682 0.5460034295754507 0.5207558783923175
18.24924924924925 0.6794800065821952 1.0676963399654218 0.5465739639100221 0.5211223760553997
18.255255255255257 0.6792564566540549 1.068631770033493 0.5471435709999656 0.5214881990335274
18.26126126126126 0.6790330537740503 1.0695656006584697 0.5477122519264275 0.5218533487320424
18.26726726726727 0.6788097977971396 1.0704978343235918 0.5482800077723994 0.5222178265511925
18.273273273273272 0.6785866885784717 1.0714284735097774 0.5488468396227799 0.5225816338869975
18.27927927927928 0.6783637259733859 1.0723575206962475 0.5494127485637825 0.5229447721324649
18.285285285285283 0.6781409098374118 1.073284978360721 0.5499777356825418 0.5233072426781792
18.29129129129129 0.6779182400262682 1.0742108489781699 0.5505418020676628 0.5236690469105071
18.2972972972973 0.677695716395864 1.0751351350206644 0.5511049488098883 0.5240301862107761
18.303303303303302 0.677473338802297 1.0760578389580973 0.551667177001476 0.5243906619566213
18.30930930930931 0.6772511071018533 1.0769789632588547 0.5522284877354079 0.5247504755234468
18.315315315315317 0.6770290211510083 1.0778985103893652 0.5527888821059246 0.5251096282834407
18.32132132132132 0.6768070808064252 1.0788164828133904 0.5533483612087308 0.5254681216046597
18.32732732732733 0.6765852859249549 1.079732882991273 0.5539069261413837 0.5258259568498892
18.333333333333332 0.6763636363636364 1.0806477133817194 0.554464578002801 0.5261831353789185
18.33933933933934 0.6761421319796954 1.081560976442117 0.5550213178923784 0.5265396585497386
18.345345345345343 0.6759207726305451 1.0824726746269517 0.5555771469104533 0.5268955277164984
18.35135135135135 0.675699558173785 1.0833828103880785 0.5561320661592852 0.5272507442287931
18.35735735735736 0.675478488467201 1.08429138617379 0.5566860767423163 0.5276053094314738
18.363363363363362 0.6752575633687654 1.0851984044305167 0.5572391797637329 0.5279592246667838
18.36936936936937 0.6750367827366356 1.086103867603361 0.557791376327409 0.5283124912759519
18.375375375375377 0.674816146429155 1.0870077781361773 0.558342667538791 0.5286651105973863
18.38138138138138 0.6745956543048521 1.0879101384717547 0.5588930545069479 0.5290170839648066
18.38738738738739 0.6743753062224399 1.0888109510509307 0.5594425383442762 0.5293684127066546
18.393393393393392 0.6741551020408163 1.0897102183115468 0.5599911201640041 0.5297190981475427
18.3993993993994 0.6739350416190631 1.0906079426889546 0.5605388010784333 0.5300691416105211
18.405405405405403 0.6737151248164465 1.091504126614741 0.5610855822003986 0.5304185444143423
18.41141141141141 0.6734953514924156 1.0923987725173747 0.5616314646451689 0.5307673078722058
18.41741741741742 0.6732757215066035 1.093291882823617 0.5621764495292834 0.5311154332943335
18.423423423423422 0.6730562347188264 1.094183459961546 0.5627205379691668 0.5314629219923793
18.42942942942943 0.6728368909890826 1.095073506356289 0.5632637310821146 0.5318097752741745
18.435435435435437 0.6726176901775532 1.0959620244288368 0.5638060299879641 0.5321559944408727
18.44144144144144 0.6723986321446018 1.0968490165973446 0.5643474358096687 0.532501580787676
18.44744744744745 0.6721797167507731 1.0977344852819313 0.5648879496714679 0.5328465356104635
18.453453453453452 0.6719609438567942 1.0986184329048105 0.565427572698166 0.5331908602066445
18.45945945945946 0.6717423133235725 1.0995008618855662 0.5659663060169762 0.53353455586859
18.465465465465464 0.6715238250121972 1.1003817746399445 0.566504150761186 0.5338776238787584
18.47147147147147 0.6713054787839375 1.1012611735873659 0.5670411080720168 0.534220065515349
18.47747747747748 0.6710872745002437 1.1021390611610513 0.5675771790987809 0.5345618820622703
18.483483483483482 0.6708692120227457 1.103015439802843 0.5681123649976689 0.5349030748051739
18.48948948948949 0.6706512912132532 1.103890311940898 0.5686466669304725 0.5352436450104255
18.495495495495497 0.6704335119337554 1.104763679965502 0.5691800860586382 0.5355835939068637
18.5015015015015 0.670215874046421 1.1056355462245453 0.5697126235310791 0.5359229226934662
18.50750750750751 0.6699983774135972 1.1065059130447505 0.5702442804714327 0.5362616325733179
18.513513513513512 0.6697810218978103 1.1073747827592622 0.5707750579759585 0.5365997247833035
18.51951951951952 0.6695638073617642 1.1082421577201016 0.5713049571268465 0.5369372005932552
18.525525525525524 0.6693467336683417 1.1091080402907492 0.571833979011339 0.5372740612794101
18.53153153153153 0.6691298006806028 1.1099724328343554 0.5723621247336376 0.5376103081007179
18.53753753753754 0.6689130082617851 1.1108353377094606 0.5728893954114055 0.5379459422980551
18.543543543543542 0.6686963562753037 1.1116967572742227 0.573415792166042 0.5382809651081806
18.54954954954955 0.6684798445847498 1.1125566938891835 0.5739413161166865 0.5386153777724969
18.555555555555557 0.6682634730538922 1.113415149914711 0.5744659683823454 0.5389491815323655
18.56156156156156 0.6680472415466753 1.1142721277066348 0.5749897500855926 0.5392823776210421
18.56756756756757 0.6678311499272198 1.1151276296164714 0.5755126623528176 0.5396149672636538
18.573573573573572 0.6676151980598222 1.1159816579946704 0.5760347063107591 0.5399469516839113
18.57957957957958 0.6673993858089543 1.1168342151912862 0.5765558830846726 0.5402783321066137
18.585585585585584 0.6671837130392633 1.1176853035543135 0.5770761938001324 0.5406091097541811
18.59159159159159 0.666968179615571 1.11853492542698 0.5775956395848671 0.5409392858421129
18.5975975975976 0.6667527854028742 1.1193830831489013 0.5781142215685526 0.5412688615803487
18.603603603603602 0.6665375302663439 1.1202297790588516 0.5786319408807608 0.5415978381780908
18.60960960960961 0.6663224140713248 1.1210750154941405 0.5791487986498629 0.5419262168442777
18.615615615615617 0.6661074366833359 1.1219187947885672 0.5796647960047749 0.5422539987837923
18.62162162162162 0.6658925979680697 1.1227611192722204 0.5801799340762118 0.5425811851960087
18.62762762762763 0.6656778977913912 1.1236019912719366 0.5806942139958026 0.5429077772761342
18.633633633633632 0.6654633360193393 1.124441413112771 0.5812076368946713 0.5432337762180998
18.63963963963964 0.6652489125181247 1.125279387118275 0.5817202039034131 0.5435591832148619
18.645645645645644 0.6650346271541311 1.1261159156085196 0.5822319161531327 0.5438839994553869
18.65165165165165 0.6648204797939141 1.1269510008993544 0.5827427747760802 0.5442082261232744
18.65765765765766 0.6646064703042008 1.1277846453041083 0.5832527809052395 0.5445318643988688
18.663663663663662 0.6643925985518907 1.1286168511342585 0.5837619356728911 0.5448549154613674
18.66966966966967 0.6641788644040534 1.1294476206989588 0.5842702402109985 0.5451773804879603
18.675675675675677 0.6639652677279304 1.1302769563036321 0.5847776956517434 0.5454992606518888
18.68168168168168 0.663751808390934 1.1311048602503386 0.5852843031287851 0.5458205571215535
18.68768768768769 0.6635384862606459 1.1319313348384188 0.5857900637755773 0.5461412710628414
18.693693693693692 0.6633253012048194 1.1327563823651277 0.586294978725122 0.5464614036400057
18.6996996996997 0.6631122530913762 1.1335800051251281 0.5867990491100729 0.5467809560150553
18.705705705705704 0.6628993417884091 1.1344022054093261 0.5873022760635843 0.5470999293457418
18.71171171171171 0.6626865671641791 1.1352229855055884 0.5878046607196312 0.5474183247859573
18.71771771771772 0.662473929087117 1.1360423476988584 0.588306204212004 0.5477361434868544
18.723723723723722 0.662261427425822 1.1368602942720043 0.5888069076738718 0.5480533865981325
18.72972972972973 0.6620490620490621 1.1376768275051028 0.5893067722384037 0.548370055266699
18.735735735735737 0.6618368328257733 1.1384919496744739 0.5898057990388196 0.5486861506356543
18.74174174174174 0.6616247396250601 1.1393056630530154 0.5903039892091652 0.5490016738438501
18.74774774774775 0.661412782316194 1.1401179699118522 0.590801343883097 0.5493166260287552
18.753753753753752 0.6612009607686149 1.1409288725190074 0.591297864193714 0.5496310083252934
18.75975975975976 0.6609892748519289 1.1417383731394855 0.591793551273887 0.5499448218655983
18.765765765765767 0.6607777244359097 1.142546474035149 0.5922884062569496 0.5502580677781994
18.77177177177177 0.6605663093904975 1.1433531774644334 0.5927824302764505 0.5505707471879829
18.77777777777778 0.6603550295857987 1.1441584856831746 0.5932756244655053 0.5508828612176693
18.783783783783782 0.6601438848920863 1.1449624009449202 0.5937679899567831 0.5511944109881369
18.78978978978979 0.6599328751797986 1.1457200437310604 0.5941714698607955 0.5515485738702648
18.795795795795797 0.6597220003195398 1.146458951884135 0.5945401527027211 0.5519187991814141
18.8018018018018 0.6595112601820795 1.1471965079238595 0.5949081494273154 0.5522883584965441
18.80780780780781 0.6593006546383522 1.1479327143226212 0.5952754611469083 0.5526572531757129
18.813813813813812 0.6590901835594573 1.1486675735479237 0.5956420889721644 0.5530254845757593
18.81981981981982 0.6588798468166587 1.1494010880627599 0.5960080340125021 0.5533930540502577
18.825825825825827 0.6586696442813845 1.1501332603242729 0.5963732973762791 0.5537599629479938
18.83183183183183 0.6584595758252273 1.1508640927849345 0.5967378801706598 0.5541262126142747
18.83783783783784 0.6582496413199426 1.1515935878926762 0.5971017835013102 0.554491804391366
18.843843843843842 0.6580398406374502 1.1523217480904386 0.5974650084720129 0.5548567396184257
18.84984984984985 0.6578301736498327 1.153048575816392 0.5978275561854588 0.5552210196309332
18.855855855855857 0.6576206402293359 1.1537740735033453 0.5981894277429424 0.5555846457604029
18.86186186186186 0.6574112402483681 1.154498243579348 0.5985506242449443 0.5559476193344037
18.86786786786787 0.6572019735795003 1.1552210884674305 0.5989111467900265 0.556309941677404
18.873873873873872 0.6569928400954654 1.1559426105870312 0.5992709964751399 0.5566716141118913
18.87987987987988 0.6567838396691585 1.156662812351576 0.5996301743959351 0.557032637955641
18.885885885885887 0.6565749721736365 1.1573816961695027 0.599988681646966 0.5573930145225368
18.89189189189189 0.6563662374821173 1.1580992644446766 0.6003465193215285 0.5577527451231481
18.8978978978979 0.6561576354679802 1.158815519576491 0.6007036885112299 0.5581118310652612
18.903903903903903 0.6559491660047657 1.1595304639590736 0.6010601903059601 0.5584702736531134
18.90990990990991 0.6557408289661744 1.1602440999825303 0.6014160257945702 0.5588280741879601
18.915915915915917 0.6555326242260675 1.1609564300311732 0.6017711960644702 0.559185233966703
18.92192192192192 0.6553245516584669 1.161667456484872 0.6021257022019136 0.5595417542829582
18.92792792792793 0.6551166111375535 1.162377181718837 0.6024795452914395 0.5598976364273974
18.933933933933933 0.6549088025376686 1.163085608103455 0.6028327264158976 0.5602528816875575
18.93993993993994 0.6547011257333122 1.1637927380044595 0.6031852466569044 0.5606074913475549
18.945945945945947 0.6544935805991441 1.1644985737826434 0.6035371070949518 0.5609614666876916
18.95195195195195 0.6542861670099825 1.1652031177939077 0.6038883088089336 0.5613148089849741
18.95795795795796 0.6540788848408047 1.1659063723896927 0.6042388528763728 0.56166751951332
18.963963963963963 0.6538717339667458 1.1666083399167637 0.6045887403730378 0.562019599543726
18.96996996996997 0.6536647142630996 1.1673090227169378 0.6049379723732314 0.5623710503437064
18.975975975975977 0.6534578256053172 1.1680084231274386 0.6052865499503762 0.5627218731770622
18.98198198198198 0.6532510678690081 1.1687065434805086 0.6056344741761785 0.56307206930433
18.98798798798799 0.6530444409299383 1.169403386103898 0.6059817461208047 0.5634216399830932
18.993993993993993 0.6528379446640317 1.1700989533209571 0.606328366852905 0.5637705864680521
19.0 0.6526315789473683 1.170793247449986 0.6066743374396649 0.5641189100103211
19.006006006006004 0.6524253436561859 1.1714862708046394 0.6070196589470487 0.5644666118575908
19.01201201201201 0.6522192386668773 1.1721780256938308 0.6073643324396851 0.5648136932541457
19.01801801801802 0.6520132638559923 1.1728685144220259 0.6077083589804355 0.5651601554415904
19.024024024024023 0.6518074191002368 1.1735577392889602 0.6080517396306586 0.5655059996583015
19.03003003003003 0.6516017042764716 1.1742457025899258 0.6083944754503545 0.5658512271395713
19.036036036036037 0.6513961192617131 1.1749324066151083 0.6087365674980669 0.5661958391170414
19.04204204204204 0.6511906639331336 1.1756178536503215 0.6090780168311775 0.566539836819144
19.04804804804805 0.6509853381680593 1.1763020459767344 0.6094188245051526 0.5668832214715818
19.054054054054056 0.6507801418439715 1.176984985870965 0.6097589915741873 0.5672259942967776
19.06006006006006 0.6505750748385064 1.177666675605346 0.6100985190908599 0.5675681565144861
19.066066066066064 0.6503701370294536 1.1783471174470486 0.6104374081064805 0.5679097093405681
19.07207207207207 0.6501653282947567 1.1790263136586359 0.6107756596707912 0.5682506539878447
19.07807807807808 0.6499606485125137 1.1797042664984774 0.6111132748321849 0.5685909916662923
19.084084084084083 0.6497560975609756 1.1803809782204575 0.6114502546374088 0.5689307235830487
19.09009009009009 0.6495516753185464 1.1810564510734767 0.6117866001315861 0.5692698509418905
19.096096096096097 0.6493473816637836 1.1817306873019293 0.6121223123586846 0.5696083749432447
19.1021021021021 0.649143216475397 1.1824036891461445 0.6124573923611459 0.5699462967849986
19.10810810810811 0.6489391796322489 1.183075458841472 0.6127918411799118 0.5702836176615602
19.114114114114116 0.6487352710133542 1.1837459986189 0.613125659854236 0.5706203387646641
19.12012012012012 0.6485314904978797 1.1844153107047786 0.6134588494219214 0.5709564612828572
19.126126126126124 0.6483278379651437 1.1850833973210166 0.613791410919501 0.5712919864015158
19.13213213213213 0.6481243132946163 1.1857502606849901 0.6141233453820312 0.571626915302959
19.13813813813814 0.6479209163659186 1.1864159030095702 0.6144546538427778 0.5719612491667925
19.144144144144143 0.6477176470588236 1.1870803265034786 0.6147853373338773 0.5722949891696012
19.15015015015015 0.6475145052532538 1.1877435333703867 0.6151153968854725 0.5726281364849142
19.156156156156158 0.6473114908292835 1.1884055258098565 0.6154448335266798 0.5729606922831767
19.16216216216216 0.6471086036671369 1.1890663060169608 0.6157736482851623 0.5732926577317984
19.16816816816817 0.6469058436471877 1.1897258761821325 0.6161018421866904 0.5736240339954423
19.174174174174176 0.6467032106499607 1.1903842384916612 0.6164294162558008 0.5739548222358605
19.18018018018018 0.6465007045561296 1.1910413951271892 0.6167563715153886 0.5742850236118007
19.186186186186184 0.6462983252465175 1.191697348265893 0.6170827089869377 0.5746146392789553
19.19219219219219 0.6460960726020967 1.192352100080665 0.6174084296904662 0.5749436703901988
19.1981981981982 0.6458939465039887 1.1930056527400992 0.6177335346445427 0.5752721180955565
19.204204204204203 0.6456919468334636 1.193658008408021 0.6180580248659874 0.5755999835420337
19.21021021021021 0.64549007347194 1.1943091692440422 0.6183819013703123 0.5759272678737298
19.216216216216218 0.6452883263009844 1.194959137403395 0.6187051651715432 0.5762539722318518
19.22222222222222 0.6450867052023121 1.1956079150373835 0.6190278172820586 0.5765800977553249
19.22822822822823 0.6448852100577853 1.1962555042920853 0.6193498587128679 0.5769056455792174
19.234234234234236 0.6446838407494144 1.1969019073097753 0.6196712904733829 0.5772306168363923
19.24024024024024 0.644482597159357 1.1975471262282136 0.6199921135715153 0.5775550126566983
19.246246246246244 0.6442814791699174 1.198191163180933 0.6203123290137577 0.5778788341671753
19.25225225225225 0.644080486663547 1.1988340202969667 0.6206319378050584 0.5782020824919082
19.25825825825826 0.6438796195228442 1.1994756997012215 0.620950940948787 0.5785247587524346
19.264264264264263 0.6436788776305534 1.20011620351401 0.6212693394467756 0.5788468640672344
19.27027027027027 0.6434782608695653 1.2007555338515368 0.6215871342995221 0.5791683995520147
19.276276276276278 0.6432777691229162 1.2013936928256814 0.6219043265059081 0.5794893663197732
19.28228228228228 0.6430774022737892 1.2020306825439446 0.6222209170632963 0.5798097654806483
19.28828828828829 0.6428771602055114 1.2026665051096874 0.622536906967499 0.5801295981421885
19.294294294294296 0.6426770428015564 1.2033011626219543 0.6228522972127705 0.5804488654091838
19.3003003003003 0.6424770499455422 1.2039346571754133 0.6231670887921976 0.5807675683832155
19.306306306306304 0.642277181521232 1.2045669908605063 0.6234812826969719 0.5810857081635344
19.31231231231231 0.6420774374125331 1.2051981657635256 0.6237948799168475 0.5814032858466781
19.31831831831832 0.6418778175034975 1.2058281839664577 0.6241078814400924 0.5817203025263653
19.324324324324323 0.6416783216783217 1.2064570475470076 0.6244202882536113 0.5820367592933963
19.33033033033033 0.6414789498213453 1.2070847585786506 0.62473210134266 0.5823526572359905
19.336336336336338 0.6412797018170523 1.2077113191301911 0.6250433216908436 0.5826679974393475
19.34234234234234 0.6410805775500699 1.2083367312675855 0.6253539502805601 0.5829827809870254
19.34834834834835 0.6408815769051683 1.2089609970513475 0.6256639880924345 0.583297008958913
19.354354354354356 0.6406826997672613 1.2095841185383192 0.625973436105653 0.5836106824326661
19.36036036036036 0.6404839460214053 1.210206097780833 0.6262822952979386 0.5839238024828945
19.366366366366368 0.6402853155527988 1.2108269368271272 0.6265905666455688 0.5842363701815584
19.37237237237237 0.6400868082467834 1.2114466377214952 0.6268982511231521 0.584548386598343
19.37837837837838 0.6398884239888424 1.2120956146179045 0.6271737511194484 0.584921863498456
19.384384384384383 0.6396901626646011 1.2127440481279068 0.6274480189094778 0.585296029218429
19.39039039039039 0.6394920241598265 1.2133912794748956 0.6277217418995876 0.5856695375753078
19.396396396396398 0.6392940083604272 1.2140373109154887 0.6279949210295676 0.5860423898859212
19.4024024024024 0.6390961151524531 1.2146821447008964 0.6282675572374534 0.5864145874634431
19.40840840840841 0.6388983444220949 1.2153257830776254 0.6285396514597341 0.5867861316178914
19.414414414414416 0.6387006960556844 1.2159682282868387 0.6288112046312395 0.5871570236555992
19.42042042042042 0.6385031699396938 1.2166094825647538 0.6290822176851844 0.5875272648795694
19.426426426426428 0.6383057659607357 1.2172495481428787 0.6293526915534786 0.5878968565894
19.43243243243243 0.6381084840055633 1.217888427247481 0.6296226271660246 0.5882658000814565
19.43843843843844 0.637911323961069 1.218526122100093 0.6298920254512507 0.5886340966488423
19.444444444444443 0.6377142857142858 1.2191626349172702 0.6301608873360459 0.5890017475812241
19.45045045045045 0.6375173691523853 1.2197979679105388 0.6304292137454991 0.5893687541650399
19.456456456456458 0.6373205741626794 1.2204321232865765 0.6306970056034882 0.5897351176830884
19.46246246246246 0.6371239006326185 1.2210651032470201 0.6309642638321367 0.5901008394148834
19.46846846846847 0.6369273484497917 1.2216969099887798 0.6312309893517267 0.5904659206370532
19.474474474474476 0.6367309175019275 1.2223275457040483 0.6314971830810645 0.5908303626229838
19.48048048048048 0.6365346076768922 1.2229570125797369 0.6317628459373819 0.591194166642355
19.486486486486488 0.6363384188626907 1.2235853127976477 0.6320279788363704 0.5915573339612772
19.49249249249249 0.6361423509474657 1.2242124485351438 0.6322925826922792 0.5919198658428645
19.4984984984985 0.635946403819498 1.224838421964675 0.6325566584171912 0.5922817635474839
19.504504504504503 0.6357505773672055 1.2254632352528767 0.6328202069209949 0.5926430283318816
19.51051051051051 0.6355548714791442 1.2260868905604918 0.6330832291118519 0.5930036614486398
19.516516516516518 0.6353592860440067 1.2267093900431592 0.6333457258956574 0.5933636641475017
19.52252252252252 0.6351638209506231 1.22733073585349 0.6336076981762778 0.5937230376772121
19.52852852852853 0.6349684760879594 1.2279509301417235 0.6338691468565574 0.594081783285166
19.534534534534536 0.634773251345119 1.2285699750540524 0.6341300728392127 0.5944399022148397
19.54054054054054 0.6345781466113416 1.2291878727314105 0.6343904770268515 0.594797395704559
19.546546546546548 0.6343831617760024 1.2298046253088237 0.6346503603210204 0.5951542649878033
19.55255255255255 0.6341882967286131 1.2304202349161222 0.6349097236209751 0.5955105112951471
19.55855855855856 0.6339935513588207 1.2310347036788163 0.6351685678234845 0.5958661358553318
19.564564564564563 0.6337989255564083 1.231648033717796 0.6354268938235315 0.5962211398942645
19.57057057057057 0.6336044192112935 1.232260227148671 0.6356847025145698 0.5965755246341011
19.576576576576578 0.6334100322135297 1.232871286082196 0.6359419947887053 0.5969292912934907
19.58258258258258 0.6332157644533046 1.2334812126247405 0.6361987715363875 0.597282441088353
19.58858858858859 0.6330216158209413 1.2340900088782993 0.6364550336463417 0.5976349752319576
19.594594594594597 0.6328275862068965 1.2346976769400897 0.6367107820057255 0.5979868949343643
19.6006006006006 0.6326336755017619 1.2353042189023948 0.6369660174997541 0.5983382014026408
19.606606606606608 0.6324398835962628 1.2359096368529767 0.6372207410123527 0.598688895840624
19.61261261261261 0.6322462103812586 1.236513932874891 0.6374749534262053 0.5990389794486858
19.61861861861862 0.6320526557477422 1.237117109046656 0.6377286556222277 0.5993884534244283
19.624624624624623 0.6318592195868401 1.2377191674423826 0.6379818484795066 0.5997373189628761
19.63063063063063 0.6316659017898119 1.2383201101317232 0.6382345328754808 0.6000855772562422
19.636636636636638 0.6314727022480502 1.238919939179733 0.638486709686173 0.6004332294935599
19.64264264264264 0.6312796208530805 1.2395186566461753 0.6387383797861528 0.6007802768600226
19.64864864864865 0.6310866574965612 1.2401162645867527 0.6389895440487334 0.6011267205380194
19.654654654654657 0.6308938120702826 1.2407127650529397 0.639240203345288 0.6014725617076518
19.66066066066066 0.6307010844661677 1.2413081600918074 0.6394903585452978 0.6018178015465098
19.666666666666668 0.6305084745762711 1.2419024517455197 0.6397400105168873 0.6021624412286324
19.67267267267267 0.6303159822927797 1.2424956420514135 0.6399891601267781 0.6025064819246353
19.67867867867868 0.6301236075080116 1.2430877330428356 0.6402378082405208 0.6028499248023148
19.684684684684683 0.6299313501144166 1.2436787267487197 0.6404859557218979 0.6031927710268218
19.69069069069069 0.6297392100045752 1.2442686251934085 0.6407336034325387 0.6035350217608698
19.696696696696698 0.6295471870711998 1.2448574303970672 0.640980752232722 0.6038766781643452
19.7027027027027 0.629355281207133 1.2454451443749197 0.6412274029813742 0.6042177413935454
19.70870870870871 0.6291634923053481 1.2460317691375817 0.6414735565361414 0.6045582126014404
19.714714714714717 0.6289718202589489 1.2466173066917687 0.6417192137531471 0.6048980929386216
19.72072072072072 0.6287802649611695 1.2472017590395208 0.6419643754866489 0.605237383552872
19.726726726726728 0.6285888263053737 1.2477851281797219 0.642209042588929 0.6055760855907929
19.73273273273273 0.6283975041850556 1.2483674161054152 0.6424532159110474 0.6059142001943678
19.73873873873874 0.6282062984938385 1.24894862480489 0.6426968963027964 0.6062517285020936
19.744744744744743 0.6280152091254753 1.2495287562632835 0.6429400846129079 0.6065886716503757
19.75075075075075 0.6278242359738483 1.250107812460686 0.6431827816878235 0.6069250307728624
19.756756756756758 0.6276333789329684 1.2506857953738177 0.6434249883723908 0.6072608070014269
19.762762762762762 0.6274426378969762 1.2512627069743072 0.6436667055096272 0.6075960014646801
19.76876876876877 0.6272520127601398 1.251838549229212 0.6439079339417163 0.6079306152874956
19.774774774774777 0.6270615034168564 1.252413324101214 0.644148674509434 0.60826464959178
19.78078078078078 0.6268711097616517 1.2529870335490199 0.6443889280520607 0.608598105496959
19.786786786786788 0.6266808316891789 1.2535596795280615 0.6446286954066437 0.6089309841214177
19.792792792792792 0.6264906690942194 1.2541312639886872 0.6448679774086242 0.609263286580063
19.7987987987988 0.626300621871682 1.2547017888765346 0.6451067748920988 0.6095950139844358
19.804804804804803 0.6261106899166035 1.255271256132824 0.6453450886902682 0.6099261674425559
19.81081081081081 0.6259208731241473 1.2558396676950292 0.6455829196349433 0.6102567480600859
19.816816816816818 0.6257311713896044 1.256407025496768 0.6458202685558092 0.610586756940959
19.822822822822822 0.6255415846083927 1.2569733314675724 0.6460571362805525 0.6109161951870199
19.82882882882883 0.6253521126760563 1.2575385875320726 0.6462935236353696 0.611245063896703
19.834834834834837 0.6251627554882664 1.25810279561101 0.6465294314456945 0.6115733641653155
19.84084084084084 0.6249735129408204 1.258665957620117 0.6467648605357762 0.6119010970843408
19.846846846846848 0.6247843849296413 1.259228075472015 0.6469998117280907 0.6122282637439244
19.852852852852852 0.624595371350779 1.2597891510755446 0.6472342858427745 0.61255486523277
19.85885885885886 0.6244064721004082 1.2603491863350784 0.647468283698174 0.6128809026369045
19.864864864864863 0.6242176870748299 1.2609081831500568 0.6477018061116968 0.6132063770383599
19.87087087087087 0.62402901617047 1.261466143415439 0.6479348539000763 0.6135312895153627
19.876876876876878 0.6238404592838798 1.2620230690230507 0.6481674278783969 0.6138556411446539
19.882882882882882 0.6236520163117354 1.26257896186139 0.6483995288596424 0.6141794330017478
19.88888888888889 0.623463687150838 1.2631338238145422 0.6486311576543401 0.6145026661602021
19.894894894894897 0.6232754716981131 1.2636876567616322 0.6488623150717374 0.6148253416898948
19.9009009009009 0.6230873698506112 1.2642404625776278 0.649093001920747 0.6151474606568808
19.906906906906908 0.6228993815055061 1.264792243133167 0.6493232190091729 0.6154690241239942
19.912912912912912 0.6227115065600966 1.2653430002962491 0.6495529671428131 0.6157900331534361
19.91891891891892 0.6225237449118046 1.2658927359313725 0.6497822471247141 0.6161104888066583
19.924924924924923 0.6223360964581764 1.2664414518988105 0.6500110597560839 0.6164303921427267
19.93093093093093 0.6221485610968811 1.2669891500529504 0.6502394058373558 0.6167497442155946
19.936936936936938 0.6219611387257116 1.2675358322446404 0.6504672861689712 0.6170685460756692
19.942942942942942 0.621773829242584 1.2680815003215515 0.6506947015496826 0.617386798771869
19.94894894894895 0.6215866325455366 1.2686261561291625 0.6509216527755042 0.6177045033536585
19.954954954954957 0.6213995485327313 1.2691698015093686 0.6511481406396601 0.6180216608697084
19.96096096096096 0.6212125771024521 1.269712438298191 0.6513741659339432 0.618338272364248
19.966966966966968 0.6210257181531057 1.2702540683273345 0.6515997294509185 0.618654338876416
19.972972972972972 0.6208389715832205 1.2707946934257632 0.651824831982855 0.6189698614429082
19.97897897897898 0.6206523372914474 1.2713343154219037 0.6520494743200768 0.6192848411018268
19.984984984984983 0.620465815176559 1.2718729361426162 0.6522736572490495 0.6195992788935667
19.99099099099099 0.6202794051374493 1.272410557410826 0.6524973815545806 0.6199131758562455
19.996996996996998 0.620093107073134 1.2729471810453465 0.6527206480233408 0.6202265330220056
20.003003003003002 0.6199069208827503 1.2735307864457495 0.6529318125259947 0.6205989739197547
20.00900900900901 0.619720846465556 1.2741169450169778 0.6531416554432765 0.6209752895737012
20.015015015015017 0.6195348837209302 1.2747020205402102 0.6533510604689687 0.6213509600712415
20.02102102102102 0.6193490325483726 1.2752860150990677 0.6535600283901877 0.62172598670888
20.027027027027028 0.6191632928475034 1.2758689307706321 0.6537685599994538 0.6221003707711783
20.033033033033032 0.6189776645180632 1.2764507696093605 0.6539766560962349 0.6224741135131255
20.03903903903904 0.6187921474599131 1.2770315336395384 0.6541843174844797 0.6228472161550587
20.045045045045043 0.6186067415730337 1.2776112248577598 0.6543915449633824 0.6232196798943774
20.05105105105105 0.6184214467575259 1.278189845245824 0.65459833931661 0.6235915059292139
20.057057057057058 0.6182362629136098 1.278767396782446 0.6548047013052465 0.6239626954771995
20.063063063063062 0.6180511899416256 1.279343881448149 0.6550106316707274 0.6243332497774217
20.06906906906907 0.617866227742032 1.2799193012238865 0.6552161311446082 0.6247031700792782
20.075075075075077 0.6176813762154075 1.28049365808656 0.6554212004598312 0.6250724576267288
20.08108108108108 0.6174966352624496 1.2810669540073027 0.6556258403553665 0.6254411136519363
20.087087087087088 0.6173120047839736 1.281639190953924 0.6558300515739915 0.6258091393799324
20.093093093093092 0.6171274846809147 1.2822103708914558 0.6560338348572889 0.6261765360341669
20.0990990990991 0.6169430748543253 1.2827804957833648 0.6562371909427405 0.6265433048406244
20.105105105105103 0.6167587752053771 1.28334956758945 0.6564401205651776 0.6269094470242723
20.11111111111111 0.616574585635359 1.283917588264332 0.6566426244594523 0.6272749638048797
20.117117117117118 0.6163905060456785 1.2844845597573682 0.6568447033620867 0.6276398563952815
20.123123123123122 0.61620653633786 1.285050484014192 0.6570463580094436 0.6280041260047486
20.12912912912913 0.6160226764135461 1.2856153629778468 0.6572475891357666 0.6283677738420802
20.135135135135137 0.6158389261744965 1.2861791985873556 0.657448397471832 0.6287308011155236
20.14114114114114 0.6156552855225883 1.2867419927779504 0.657648783747181 0.6290932090307694
20.147147147147148 0.6154717543598152 1.287303747479254 0.6578487486911565 0.6294549987880974
20.153153153153152 0.615288332588288 1.2878644646164379 0.6580482930335954 0.6298161715828426
20.15915915915916 0.6151050201102338 1.2884241461107326 0.6582474175027992 0.6301767286079334
20.165165165165163 0.6149218168279971 1.288982793880214 0.65844612282495 0.6305366710552641
20.17117117117117 0.6147387226440375 1.289540409839341 0.6586444097237326 0.6308960001156084
20.177177177177178 0.6145557374609316 1.2900969958973432 0.658842278921858 0.6312547169754853
20.183183183183182 0.6143728611813718 1.2906525539585332 0.6590397311417373 0.6316128228167959
20.18918918918919 0.6141900937081659 1.29120708592333 0.659236767105516 0.631970318817814
20.195195195195197 0.6140074349442378 1.2917605936882366 0.6594333875334147 0.6323272061548217
20.2012012012012 0.6138248847926268 1.292313079146311 0.6596295931436386 0.6326834860026725
20.207207207207208 0.6136424431564869 1.2928645441861306 0.6598253846523621 0.6330391595337684
20.213213213213212 0.6134601099390878 1.2934149906913845 0.6600207627749513 0.6333942279164332
20.21921921921922 0.6132778850438141 1.2939644205421534 0.660215728226619 0.6337486923155343
20.225225225225223 0.6130957683741649 1.2945128356132263 0.6604102817213011 0.634102553891925
20.23123123123123 0.6129137598337538 1.2950602377763671 0.6606044239713604 0.6344558138050067
20.237237237237238 0.6127318593263095 1.2956066288996042 0.6607981556868876 0.6348084732127167
20.243243243243242 0.6125500667556742 1.296152010846411 0.6609914775766353 0.6351605332697757
20.24924924924925 0.6123683820258045 1.2966963854753981 0.6611843903484836 0.6355119951269144
20.255255255255257 0.6121868050407709 1.2972397546410186 0.6613768947099301 0.6358628599310885
20.26126126126126 0.6120053357047577 1.2977821201941067 0.6615689913670835 0.6362131288270232
20.26726726726727 0.6118239739220626 1.298323483981558 0.6617606810239707 0.6365628029575873
20.273273273273272 0.6116427195970967 1.2988638478464118 0.6619519643831224 0.6369118834632894
20.27927927927928 0.6114615726343847 1.2994032136271152 0.66214284214567 0.6372603714814452
20.285285285285283 0.611280532938564 1.2999415831576544 0.6623333150119445 0.6376082681457099
20.29129129129129 0.6110996004143852 1.3004789582676983 0.6625233836815831 0.6379555745861152
20.2972972972973 0.610918774966711 1.3010153407838843 0.6627130488527581 0.6383022919311261
20.303303303303302 0.6107380565005177 1.3015507325287792 0.6629023112216932 0.6386484213070861
20.30930930930931 0.610557444920893 1.302085135320496 0.6630911714830309 0.6389939638374652
20.315315315315317 0.6103769401330376 1.30261855097299 0.6632796303303955 0.6393389206425945
20.32132132132132 0.6101965420422639 1.3031509812959259 0.6634676884565766 0.6396832928393494
20.32732732732733 0.6100162505539961 1.303682428095004 0.6636553465534397 0.6400270815415642
20.333333333333332 0.6098360655737705 1.304212893172279 0.6638426053110537 0.6403702878612253
20.33933933933934 0.6096559870072346 1.3047423783262102 0.6640294654180784 0.6407129129081319
20.345345345345343 0.6094760147601477 1.3052708853501884 0.6642159275613171 0.6410549577888713
20.35135135135135 0.6092961487383798 1.3057984160349236 0.66440199242698 0.6413964236079436
20.35735735735736 0.6091163888479126 1.3063249721655616 0.6645876607002213 0.6417373114653404
20.363363363363362 0.6089367349948385 1.306850555524055 0.6647729330650427 0.6420776224590123
20.36936936936937 0.6087571870853604 1.3073751678886878 0.6649578102038998 0.642417357684788
20.375375375375377 0.6085777450257921 1.3078988110336174 0.6651422927974506 0.6427565182361668
20.38138138138138 0.6083984087225578 1.3084214867291868 0.6653263815251778 0.6430951052040089
20.38738738738739 0.6082191780821917 1.308943196741378 0.6655100770656843 0.6434331196756938
20.393393393393392 0.6080400530113386 1.3094639428321453 0.6656933800965341 0.6437705627356112
20.3993993993994 0.6078610334167525 1.3099837267598087 0.6658762912939963 0.6441074354658124
20.405405405405403 0.607682119205298 1.3105025502790058 0.6660588113327603 0.6444437389462454
20.41141141141141 0.6075033102839488 1.3110204151404228 0.6662409408858927 0.6447794742545301
20.41741741741742 0.6073246065597881 1.3115373230909546 0.6664226806255776 0.645114642465377
20.423423423423422 0.6071460079400088 1.3120532758730425 0.6666040312226821 0.6454492446503605
20.42942942942943 0.6069675143319124 1.312568275225475 0.666784993347198 0.645783281878277
20.435435435435437 0.6067891256429095 1.3130823228832866 0.6669655676679117 0.6461167552153749
20.44144144144144 0.60661084178052 1.3135954205781586 0.6671457548518142 0.6464496657263444
20.44744744744745 0.6064326626523718 1.3141075700374671 0.6673255555646055 0.6467820144728617
20.453453453453452 0.6062545881662018 1.3146187729847123 0.6675049704707066 0.6471138025140059
20.45945945945946 0.6060766182298547 1.3151290311394601 0.6676840002337482 0.647445030905712
20.465465465465464 0.605898752751284 1.3156383462176697 0.6678626455163037 0.647775700701366
20.47147147147147 0.6057209916385506 1.3161467199313786 0.6680409069793253 0.6481058129520533
20.47747747747748 0.6055433347998239 1.316654153989074 0.6682187852824389 0.6484353687066351
20.483483483483482 0.6053657821433808 1.3171606500958684 0.6683962810838899 0.6487643690119785
20.48948948948949 0.6051883335776052 1.3176662099522014 0.668573395040761 0.6490928149114404
20.495495495495497 0.6050109890109889 1.3181708352550467 0.6687501278092699 0.6494207074457768
20.5015015015015 0.6048337483521312 1.3186745276975378 0.6689264800444404 0.6497480476530973
20.50750750750751 0.6046566115097378 1.3191772889694677 0.669102452399825 0.6500748365696428
20.513513513513512 0.6044795783926219 1.3196791207568952 0.6692780455276878 0.6504010752292074
20.51951951951952 0.6043026489097029 1.3201800247417939 0.669453260078795 0.6507267646629987
20.525525525525524 0.6041258229700073 1.3206800026027572 0.669628096703055 0.6510519058997022
20.53153153153153 0.6039491004826678 1.321179056014236 0.6698025560491669 0.651376499965069
20.53753753753754 0.6037724813569235 1.3216771866472328 0.6699766387648829 0.6517005478823499
20.543543543543542 0.6035959655021196 1.3221743961691683 0.6701503454963599 0.6520240506728083
20.54954954954955 0.6034195528277071 1.3226706862438053 0.6703236768883903 0.6523470093554151
20.555555555555557 0.6032432432432432 1.323166058531397 0.6704966335846245 0.6526694249467724
20.56156156156156 0.6030670366583906 1.3236605146879328 0.6706692162276342 0.6529912984602985
20.56756756756757 0.6028909329829172 1.324154056366074 0.6708414254589441 0.65331263090713
20.573573573573572 0.6027149321266968 1.3246466852152885 0.6710132619188933 0.6536334232963951
20.57957957957958 0.6025390339997081 1.3251384028807824 0.6711847262462989 0.6539536766344837
20.585585585585584 0.602363238512035 1.3256292110045442 0.671355819078792 0.6542733919257522
20.59159159159159 0.6021875455738661 1.326119111224865 0.6715265410528415 0.6545925701720234
20.5975975975976 0.602011955095495 1.3266081051762222 0.6716968928037642 0.654911212372458
20.603603603603602 0.6018364669873197 1.3270961944895396 0.6718668749657725 0.6552293195237673
20.60960960960961 0.6016610811598426 1.3275833807924549 0.6720364881720432 0.6555468926204115
20.615615615615617 0.6014857975236707 1.3280696657086768 0.6722057330542716 0.6558639326544053
20.62162162162162 0.6013106159895151 1.3285550508589659 0.672374610242909 0.656180440616057
20.62762762762763 0.6011355364681904 1.3290395378597568 0.6725431203671149 0.656496417492642
20.633633633633632 0.6009605588706156 1.3295231283246196 0.6727112640552396 0.6568118642693801
20.63963963963964 0.6007856831078131 1.3300058238631094 0.6728790419344047 0.6571267819287046
20.645645645645644 0.6006109090909091 1.330487626081211 0.6730464546304916 0.6574411714507196
20.65165165165165 0.6004362367311328 1.330968536581709 0.6732135027680689 0.6577550338136401
20.65765765765766 0.6002616659398168 1.3314485569639403 0.6733801869705893 0.6580683699933509
20.663663663663662 0.600087196628397 1.3319276888235703 0.6735465078601572 0.658381180963413
20.66966966966967 0.599912828708412 1.3324523423403036 0.6737138520305648 0.658738490309739
20.675675675675677 0.5997385620915032 1.3329787872737322 0.6738809163453814 0.6590978709283508
20.68168168168168 0.5995643966894149 1.3335042701344824 0.6740476192051383 0.659456650929344
20.68768768768769 0.5993903324139933 1.334028792681959 0.6742139612277694 0.6598148314541895
20.693693693693692 0.5992163691771877 1.334552356671484 0.6743799430300617 0.6601724136414225
20.6996996996997 0.5990425068910489 1.3350749638546136 0.6745455652277978 0.6605293986268156
20.705705705705704 0.5988687454677303 1.3355966159784771 0.6747108284355158 0.6608857875429612
20.71171171171171 0.5986950848194867 1.336117314786925 0.6748757332669086 0.6612415815200163
20.71771771771772 0.598521524858675 1.3366370620194483 0.6750402803341526 0.6615967816852957
20.723723723723722 0.598348065497754 1.3371558594114692 0.6752044702484222 0.6619513891630469
20.72972972972973 0.5981747066492829 1.3376737086954857 0.6753683036197325 0.6623054050757533
20.735735735735737 0.5980014482259232 1.3381906115990816 0.6755317810569703 0.6626588305421114
20.74174174174174 0.5978282901404373 1.338706569846206 0.6756949031678225 0.6630116666783834
20.74774774774775 0.5976552323056882 1.3392215851571116 0.6758576705590522 0.6633639145980594
20.753753753753752 0.5974822746346404 1.3397356592478307 0.676020083836208 0.6637155754116225
20.75975975975976 0.5973094170403588 1.340248793831165 0.6761821436037952 0.6640666502273695
20.765765765765764 0.5971366594360087 1.3407609906156608 0.6763438504649937 0.6644171401506671
20.77177177177177 0.5969640017348562 1.3412722513061215 0.6765052050219157 0.6647670462842059
20.77777777777778 0.5967914438502673 1.341782577603605 0.6766662078757596 0.6651163697278453
20.783783783783782 0.5966189856957087 1.3422919712050354 0.6768268596268057 0.6654651115782299
20.78978978978979 0.5964466271847465 1.3428004338035429 0.6769871608741633 0.6658132729293794
20.795795795795797 0.596274368231047 1.343307967089388 0.677147112215541 0.6661608548738468
20.8018018018018 0.5961022087483759 1.3438145727473687 0.6773067142472657 0.666507858500103
20.80780780780781 0.5959301486505989 1.3443202524573568 0.677465967564292 0.6668542848930649
20.813813813813812 0.5957581878516809 1.3448250078946895 0.6776248727598978 0.6672001351347916
20.81981981981982 0.5955863262656859 1.345328840731278 0.6777834304253956 0.6675454103058823
20.825825825825824 0.5954145638067773 1.3458317526362764 0.6779416411502719 0.6678901114860045
20.83183183183183 0.5952429003892172 1.3463337452771327 0.6780995055230414 0.6682342397540911
20.83783783783784 0.595071335927367 1.3468348203177185 0.6782570241320943 0.6685777961856241
20.843843843843842 0.5948998703356866 1.3473349794182194 0.6784141975657468 0.6689207818524726
20.84984984984985 0.594728503528734 1.3478342242351622 0.6785710264122337 0.6692631978229286
20.855855855855857 0.5945572354211662 1.3483325564205444 0.6787275112584387 0.6696050451621057
20.86186186186186 0.5943860659277386 1.348829977622915 0.6788836526897786 0.6699463249331364
20.86786786786787 0.594214994963304 1.3493264894874424 0.6790394512903704 0.670287038197072
20.873873873873872 0.594044022442814 1.3498220936552712 0.6791949076434377 0.6706271860118335
20.87987987987988 0.5938731482813173 1.3503167917638 0.6793500223310305 0.6709667694327694
20.885885885885884 0.5937023723939612 1.350810585446626 0.6795047959340389 0.671305789512587
20.89189189189189 0.5935316946959897 1.351303476333672 0.6796592290321473 0.6716442473015248
20.8978978978979 0.5933611151027446 1.3517954660522729 0.6798133222040761 0.6719821438481968
20.903903903903903 0.5931906335296653 1.3522865562246975 0.6799670760272912 0.6723194801974063
20.90990990990991 0.5930202498922879 1.3527767484701818 0.6801204910783426 0.6726562573918392
20.915915915915917 0.5928499641062455 1.3532660444043674 0.6802735679325381 0.6729924764718292
20.92192192192192 0.5926797760872685 1.3537544456391366 0.6804263071640575 0.6733281384750792
20.92792792792793 0.5925096857511838 1.3542419537829207 0.6805787093459795 0.6736632444369411
20.933933933933936 0.5923396930139146 1.354728570440518 0.6807307750505408 0.6739977953899772
20.93993993993994 0.5921697977914814 1.3552142972133148 0.6808825048486108 0.6743317923647041
20.945945945945944 0.5920000000000001 1.3556991356987504 0.6810338993101516 0.6746652363885989
20.95195195195195 0.591830299555683 1.3561830874912904 0.6811849590039951 0.6749981284872952
20.95795795795796 0.5916606963748388 1.3566661541814327 0.6813356844976851 0.6753304696837475
20.963963963963963 0.591491190373872 1.3571483373561497 0.6814860763580407 0.675662260998109
20.96996996996997 0.5913217814692825 1.357629638598947 0.681636135150567 0.67599350344838
20.975975975975977 0.5911524695776664 1.3581100594898523 0.6817858614397069 0.6763241980501453
20.98198198198198 0.5909832546157149 1.358589601605381 0.6819352557890228 0.6766543458163581
20.98798798798799 0.5908141365002146 1.3590682665188236 0.6820843187607857 0.6769839477580378
20.993993993993996 0.5906451151480474 1.359546055799397 0.6822330509163415 0.6773130048830556
21.0 0.5904761904761905 1.3600229710133989 0.6823814528158926 0.6776415181975064
